43 69
0 0
82 0
77 4
62 18
47 3
56 1
61 3
67 2
69 3
74 5
62 16
62 17
56 11
50 2
57 5
67 5
66 11
61 15
60 9
61 8
24 22
41 40
56 24
59 22
36 21
27 24
34 31
41 39
53 26
50 25
46 32
48 23
44 24
37 27
29 23
36 32
41 38
41 37
41 28
38 29
5 4
41 41
61 20
1 2
2 3
3 4
4 5
5 1
6 7
7 8
8 9
9 10
10 11
11 12
12 13
13 14
14 15
15 6
16 17
17 18
18 19
19 20
20 16
1 6
2 8
3 10
4 12
5 14
7 16
9 17
11 18
13 19
15 20
21 22
22 23
23 24
24 25
25 21
26 27
27 28
28 29
29 30
30 31
31 32
32 33
33 34
34 35
35 26
36 37
37 38
38 39
39 40
40 36
21 26
22 28
23 30
24 32
25 34
27 36
29 37
31 38
33 39
35 40
41 42
42 43
43 41
1 41
2 42
4 43
21 41
22 42
24 43
