11
15
16
11
5
17
7
15
13
18
14
8
3
7
11
9
19
20
10
21
13
12
15
14
17
16
22
18
19
23
24
11
17
4
25
26
27
10
18
28
25
27
26
14
24
15
29
28
5
19
30
16
31
18
20
21
32
17
6
12
29
33
13
11
19
22
14
23
15
16
7
34
12
13
17
20
30
19
35
8
25
31
36
21
27
32
33
22
26
34
37
14
15
38
28
27
21
29
23
28
35
30
31
16
36
26
32
33
29
24
9
25
27
28
37
18
19
30
39
17
29
31
30
26
32
34
18
40
29
41
27
42
35
28
20
36
31
32
31
33
21
35
20
40
10
43
31
11
12
37
41
34
42
13
36
44
14
38
45
22
36
39
23
22
15
35
16
46
24
23
40
25
41
36
40
37
17
42
18
19
43
36
45
41
47
43
46
45
48
24
49
20
38
50
26
37
51
52
39
48
40
49
44
21
38
53
45
51
39
22
54
23
27
53
46
41
28
55
24
54
25
56
42
29
55
43
44
57
30
55
31
45
29
43
47
32
26
44
46
58
48
54
57
49
47
59
60
61
27
60
33
34
48
28
56
57
59
50
45
35
49
36
58
37
30
62
63
64
51
31
52
53
54
30
55
32
53
38
65
46
59
47
39
33
62
40
66
61
54
60
48
67
63
34
64
41
56
63
65
68
57
63
69
66
58
42
55
59
49
43
67
31
32
35
36
44
68
33
56
37
70
38
60
45
71
64
46
47
72
34
48
35
39
65
73
61
71
57
40
72
50
67
62
74
68
69
63
36
75
73
58
59
74
37
38
39
60
76
51
75
70
61
62
64
41
77
76
42
43
78
65
44
77
49
63
45
71
52
53
72
66
73
74
40
46
64
65
79
73
67
80
75
81
47
76
66
68
77
50
82
48
79
78
69
80
70
81
83
71
77
84
54
55
51
49
72
71
73
41
72
85
74
56
50
78
84
83
75
79
73
52
86
87
51
88
42
57
89
90
80
53
89
54
91
92
81
58
87
76
93
94
55
91
77
95
59
82
60
74
75
61
88
78
62
43
79
89
83
80
96
84
56
81
76
82
83
85
92
86
84
93
63
94
64
95
97
87
77
57
96
85
65
98
58
66
90
99
67
78
91
79
92
44
86
93
88
45
87
46
100
101
80
94
59
60
100
68
61
62
81
53
82
89
54
69
88
83
70
95
90
96
102
84
47
55
91
85
103
92
86
93
71
63
89
72
48
104
94
95
87
49
73
56
57
97
58
59
88
60
61
90
105
64
62
98
106
50
99
74
102
75
65
98
76
51
52
63
77
100
64
91
78
53
103
54
66
101
65
107
89
104
108
102
109
99
67
68
55
92
105
90
110
100
69
93
56
111
103
101
68
70
102
94
91
95
57
92
112
96
71
106
104
58
72
113
73
93
79
80
69
107
74
94
108
97
109
114
115
116
98
70
59
110
95
99
100
81
60
82
111
105
83
96
112
104
113
97
71
98
72
106
117
105
107
75
118
76
114
99
108
101
109
77
78
106
102
73
74
115
79
110
101
80
111
61
84
107
85
108
112
116
117
75
113
86
119
62
87
120
76
88
77
103
121
109
110
81
104
63
82
64
111
120
103
65
78
89
79
122
66
123
83
80
112
81
90
114
105
91
84
115
106
67
122
107
82
85
108
124
125
86
83
68
87
88
89
84
109
69
108
126
116
117
110
70
85
111
92
127
128
114
110
112
86
87
88
93
126
127
94
111
129
118
128
90
71
89
130
113
91
115
95
112
114
96
119
92
131
132
93
94
129
72
116
97
117
133
120
114
121
91
116
92
98
130
122
131
123
118
119
120
95
134
99
93
132
100
115
96
117
133
73
135
136
121
137
118
124
125
126
97
94
119
101
102
120
122
103
123
127
95
98
104
128
134
135
138
119
139
105
99
74
121
124
96
125
122
121
123
129
130
131
106
107
136
132
133
134
108
124
123
100
135
137
101
126
102
127
140
128
127
75
76
109
110
111
97
112
138
129
130
131
124
113
139
141
125
132
142
114
133
134
115
135
98
137
143
138
77
78
103
116
144
104
130
99
117
139
140
105
145
126
131
100
127
101
146
132
141
79
80
136
133
142
145
137
143
118
81
102
82
134
83
147
119
120
106
128
103
104
144
145
129
138
130
121
139
105
148
131
122
84
147
132
149
133
146
140
141
85
147
150
142
143
107
108
109
86
151
123
87
135
152
153
150
134
154
136
153
155
137
138
156
151
139
144
88
124
140
141
