20
1 2 3 4 6 7 8 9 10 11 12 13 14 15 17 18 20 21 22 24
1000
5
13
20
2
2
3
3
16
6
9
4
16
13
6
10
4
14
13
10
18
17
16
2
11
10
11
16
15
16
8
20
7
2
15
9
2
10
7
15
9
7
11
7
18
10
20
1
12
6
9
19
17
4
7
13
8
17
7
14
1
17
11
17
1
4
4
4
5
14
1
14
6
13
3
3
16
20
13
9
20
1
11
2
12
15
2
9
7
3
6
15
7
11
12
17
5
3
19
19
14
20
15
16
6
15
20
8
17
15
10
18
15
18
10
7
3
14
11
4
11
15
8
13
16
1
3
5
16
10
9
5
6
11
9
7
4
7
7
11
17
1
5
11
5
12
18
8
18
7
18
13
7
15
15
13
2
17
10
3
4
20
14
7
12
5
3
5
1
3
12
1
13
14
12
6
20
18
6
17
15
13
4
14
16
10
19
9
17
14
1
11
17
9
17
14
13
20
16
16
18
7
1
14
17
10
18
4
17
20
9
16
3
16
12
6
16
11
17
1
9
16
1
12
15
11
10
5
13
20
11
5
11
11
1
7
15
11
20
11
7
9
5
16
9
10
4
11
15
12
2
4
14
20
5
5
9
4
6
5
8
13
6
1
7
3
17
16
3
16
19
17
20
8
14
13
13
7
2
20
5
3
6
3
11
19
12
7
13
16
15
12
10
15
20
11
3
6
13
6
6
13
10
12
8
8
7
7
17
8
4
4
14
5
7
9
13
8
19
17
13
9
6
15
15
6
19
16
5
4
18
14
20
1
10
15
5
4
20
14
2
19
11
12
12
14
8
9
12
6
14
11
4
18
10
2
9
4
16
4
1
14
15
5
15
10
4
13
17
4
10
5
10
8
14
15
4
8
2
13
15
2
2
14
15
2
14
3
1
10
9
10
8
1
4
12
20
1
19
16
20
3
5
19
6
11
15
17
13
16
15
13
9
5
12
15
18
10
8
20
3
6
6
10
20
10
15
12
18
4
20
5
19
11
3
7
10
13
11
9
16
3
7
19
3
20
14
13
1
8
18
9
13
8
2
6
18
14
1
18
15
4
18
18
3
15
1
10
8
10
18
18
12
15
4
3
11
20
20
19
14
10
2
15
20
1
18
16
2
20
2
16
20
4
11
13
10
1
19
9
18
8
4
4
12
16
10
15
16
4
16
9
2
12
7
6
13
7
9
15
5
4
7
15
8
15
8
13
20
9
13
18
7
17
1
17
6
17
5
2
7
11
18
18
15
8
17
17
5
4
5
9
16
2
4
6
18
10
5
19
5
5
8
14
9
3
13
13
18
15
9
17
8
11
6
14
19
12
6
4
6
7
16
5
7
16
7
12
8
10
1
16
7
19
6
16
15
9
18
20
5
13
19
12
1
10
14
5
8
16
4
11
19
16
20
20
19
5
14
5
18
11
5
14
7
10
2
10
4
14
9
18
17
8
10
13
17
5
9
15
9
13
9
17
14
8
5
12
13
17
20
11
15
6
18
6
3
19
13
5
4
3
8
15
15
12
14
4
12
20
7
18
20
12
9
12
7
9
13
2
17
11
7
20
8
17
2
19
1
13
14
16
7
1
12
19
18
5
9
4
6
10
8
18
15
12
15
14
6
19
4
1
11
17
13
14
3
7
2
3
11
14
3
4
7
1
19
7
3
1
20
18
5
19
6
5
7
2
12
6
16
8
1
9
13
16
18
10
14
4
15
8
12
18
10
15
10
4
15
6
16
6
6
1
16
7
7
12
2
18
3
3
12
16
18
11
14
15
10
19
19
12
17
17
6
13
13
8
4
15
4
11
13
19
19
16
14
18
9
14
14
3
2
5
12
11
18
3
20
15
10
1
15
20
20
3
19
20
8
8
5
8
7
15
18
11
19
13
6
14
12
4
10
14
2
15
10
10
5
17
18
3
8
14
11
13
3
18
9
8
16
9
16
12
12
2
15
12
19
10
7
18
16
7
3
19
4
5
1
13
9
10
8
13
12
16
18
17
12
16
9
4
9
18
1
4
17
17
9
13
16
5
2
10
7
20
10
2
2
3
12
19
1
13
18
19
9
8
7
11
11
7
17
19
10
12
9
12
4
5
20
7
8
20
20
15
8
10
14
5
5
8
4
18
15
1
19
18
9
7
19
2
8
3
2
6
6
19
13
20
20
18
1
15
5
10
12
10
11
20
3
4
1
13
18
16
9
17
3
18
12
8
13
17
15
9
14
19
16
5
19
11
2
11
9
8
20
9
7
2
3
1
4
6
4
10
17
8
18
12
10
