16
19
25
5
6
5
14
23
18
24
5
26
23
19
18
7
27
28
23
29
21
30
10
15
26
18
31
20
32
11
30
9
12
23
25
15
31
10
24
26
12
20
17
33
34
31
2
18
23
29
25
22
8
19
30
12
26
21
28
3
27
22
35
4
9
10
11
17
36
5
37
26
36
16
19
38
32
39
30
36
6
23
16
20
27
18
31
22
21
28
29
24
26
22
40
19
23
27
30
41
37
32
42
29
35
38
13
43
36
35
34
37
36
40
25
24
44
27
12
28
41
14
45
46
7
26
20
47
42
32
21
31
29
33
27
13
28
32
34
46
8
23
35
24
23
37
15
39
34
40
48
36
43
45
49
19
48
43
27
14
39
46
37
25
26
28
27
9
29
26
10
50
49
28
32
41
42
34
51
46
52
16
50
48
44
31
36
53
51
11
38
54
39
55
53
54
43
49
50
45
40
12
56
57
47
48
17
58
44
41
51
30
52
29
35
53
39
59
13
42
55
14
32
49
41
50
28
57
45
43
29
44
46
16
41
51
47
46
49
43
44
33
58
45
52
18
50
53
34
20
19
60
47
36
37
46
21
36
38
17
61
37
18
44
32
62
59
33
63
32
64
49
19
62
65
66
45
22
51
39
35
38
36
54
33
35
47
67
65
55
37
53
56
52
55
40
41
68
42
43
69
54
38
20
23
49
50
66
24
23
25
63
41
51
47
70
26
34
67
71
49
44
57
58
45
35
66
42
27
50
64
53
19
56
59
43
28
54
65
23
36
57
39
41
68
27
52
42
46
69
58
29
53
57
24
55
30
68
31
20
70
60
44
61
59
32
72
69
33
60
45
62
28
71
63
34
29
25
73
64
26
27
72
65
28
74
41
21
63
56
64
30
22
35
43
55
23
37
70
57
42
47
38
48
59
66
71
75
72
67
76
58
49
44
68
54
65
31
60
43
50
52
66
61
67
69
45
55
36
62
50
39
60
44
53
68
77
61
59
73
46
54
40
47
63
75
78
24
32
56
60
79
33
29
53
57
76
25
58
70
37
59
62
48
72
26
69
34
70
64
65
46
74
38
49
62
64
66
41
77
72
30
75
67
27
66
74
31
68
32
76
69
39
63
80
73
28
42
61
67
35
40
41
47
78
74
76
79
43
81
62
33
48
55
54
82
56
64
78
51
44
57
79
36
80
37
83
70
65
84
68
58
72
29
73
55
75
52
34
59
64
69
71
82
38
76
78
53
45
54
66
83
35
46
56
72
75
55
43
57
58
39
79
67
50
85
86
73
84
68
80
40
65
57
81
44
49
60
47
61
60
85
59
62
87
63
51
41
76
30
88
64
45
62
89
85
69
74
71
60
87
46
52
31
77
82
61
42
90
48
66
47
91
72
73
49
63
83
65
75
67
66
84
65
78
36
79
51
86
70
76
81
43
80
88
82
68
71
87
72
89
74
83
88
44
69
53
90
84
75
68
89
63
77
64
52
50
92
70
54
55
45
90
93
56
89
57
58
76
66
78
77
59
75
60
67
76
94
37
85
69
68
79
46
86
38
51
32
95
90
92
71
33
61
52
81
72
77
58
65
82
47
83
94
62
96
91
66
53
59
34
70
87
97
93
56
73
39
57
71
94
58
60
74
35
54
75
59
36
80
84
73
55
67
74
76
40
63
68
93
48
37
78
98
95
85
83
97
61
99
49
64
86
84
100
85
62
101
69
96
70
72
38
99
77
79
65
41
88
60
61
66
100
89
73
99
102
86
56
57
67
88
90
75
101
103
50
63
104
64
76
105
58
59
101
100
91
81
102
103
62
42
77
68
78
92
63
82
106
87
39
107
83
84
65
60
85
51
52
80
53
82
108
93
79
61
106
76
104
69
66
88
105
43
109
89
91
83
92
94
67
54
107
80
108
68
95
84
55
102
86
103
70
71
44
110
72
62
93
84
96
104
87
69
63
67
84
40
109
88
94
56
111
73
105
97
93
74
106
89
68
90
98
41
70
95
96
91
112
108
86
45
95
88
87
97
46
47
71
75
64
42
113
99
65
92
57
89
81
82
90
98
66
100
77
93
78
72
88
89
91
58
90
92
111
59
101
109
89
90
60
73
100
112
43
67
102
94
93
68
48
61
72
49
77
79
69
114
95
96
103
44
113
91
102
80
104
83
97
74
75
45
115
105
110
95
99
76
106
81
62
116
100
114
96
111
70
112
92
71
84
50
85
98
63
99
101
94
51
77
46
76
80
78
105
102
64
107
82
106
