46 69
0 0
46 2
88 0
49 1
30 4
25 3
44 44
79 8
59 2
50 5
31 6
44 43
55 3
36 5
30 10
23 4
9 8
44 42
72 7
64 3
59 5
53 9
34 7
27 8
12 10
77 9
63 7
55 8
39 6
32 12
32 13
17 7
14 9
45 40
66 4
60 13
58 11
41 7
32 16
21 5
19 6
47 37
71 6
69 5
59 15
45 32
1 3
1 4
1 2
2 5
2 6
3 7
3 8
4 9
4 10
5 11
11 6
7 12
12 8
9 13
10 13
5 14
11 15
6 16
7 17
12 18
8 19
9 20
13 21
10 22
14 23
23 15
15 24
24 16
17 25
25 18
18 26
26 19
20 27
21 27
21 28
28 22
29 14
23 30
32 17
25 33
20 35
27 36
29 30
30 31
31 24
32 33
33 34
26 34
35 36
36 37
28 37
29 38
31 39
16 40
32 41
34 42
19 43
35 44
37 45
22 46
46 38
38 39
39 40
40 41
41 42
42 43
43 44
44 45
45 46
