40 62
0 0
62 12
58 9
28 20
34 20
24 21
70 5
4 3
47 21
58 16
14 1
30 19
66 4
35 31
38 38
72 3
43 29
62 2
30 22
37 34
38 35
47 24
14 13
65 8
15 5
57 3
20 18
41 28
9 7
17 12
38 36
42 22
34 25
63 6
38 37
51 22
7 2
76 0
39 33
32 27
1 38
32 5
21 20
22 32
29 37
20 31
14 40
34 26
40 19
33 40
10 27
30 27
28 39
9 10
27 4
31 36
2 35
35 27
9 32
4 6
36 9
36 17
37 8
24 34
27 31
33 28
25 26
23 8
33 5
26 3
4 19
15 8
30 23
3 30
12 5
18 16
21 39
35 7
23 35
7 15
12 10
3 2
18 11
17 22
17 21
2 24
30 29
18 34
28 22
1 11
25 29
38 15
37 1
16 38
19 12
14 6
39 14
13 16
24 13
6 20
25 11
7 13
