52 80
0 0
77 2
45 37
14 10
10 3
100 0
95 4
82 3
82 8
77 5
84 12
50 47
50 48
5 4
50 50
85 5
83 10
87 11
50 49
93 6
25 10
38 10
48 9
64 11
45 30
33 13
35 12
39 16
43 13
45 15
60 10
55 18
48 26
45 29
29 14
42 22
43 20
50 16
46 25
44 27
33 1
74 3
16 8
13 2
34 5
71 6
43 34
20 6
35 9
44 7
68 8
45 31
6 7
7 8
8 9
9 10
10 11
11 12
12 13
13 14
14 15
15 6
16 17
17 18
18 19
19 20
20 16
1 6
2 8
3 10
4 12
5 14
7 16
9 17
11 18
13 19
15 20
26 27
27 28
28 29
29 30
30 31
31 32
32 33
33 34
34 35
35 26
36 37
37 38
38 39
39 40
40 36
21 26
22 28
23 30
24 32
25 34
27 36
29 37
31 38
33 39
35 40
1 41
2 41
2 42
3 42
3 43
4 43
4 5
5 44
1 44
41 45
42 46
43 47
44 48
45 46
46 47
47 48
48 45
45 49
46 50
47 51
48 52
21 49
49 22
22 50
50 23
23 51
51 24
24 25
25 52
52 21
