58 92
0 0
42 6
106 5
39 37
61 40
59 38
112 0
47 4
54 6
25 18
41 20
37 35
41 2
56 40
39 17
36 28
56 52
54 3
75 36
47 40
48 44
56 53
56 55
27 3
38 32
43 13
40 23
56 51
61 4
36 3
69 41
31 14
59 48
36 29
38 33
34 1
38 11
8 3
52 42
13 7
5 4
11 6
40 22
71 39
34 13
18 4
10 2
43 41
64 45
48 15
39 10
52 39
56 56
56 54
65 6
37 9
57 7
60 44
25 34
10 46
37 45
23 54
46 45
42 47
13 2
9 57
52 20
55 3
42 40
23 31
20 39
22 54
1 7
53 19
39 14
25 29
11 26
12 55
11 50
20 21
18 8
48 21
56 37
7 53
2 51
17 22
12 19
56 51
58 33
27 16
33 49
32 43
9 8
36 30
24 47
47 46
28 33
8 26
31 5
54 48
13 7
42 12
44 6
15 26
38 1
24 37
21 17
43 45
27 32
32 10
14 6
47 38
45 15
3 53
8 2
41 53
58 14
29 18
44 19
56 30
11 43
27 50
23 19
6 52
16 34
5 44
4 48
58 5
13 30
49 22
18 7
49 31
10 40
41 38
24 36
35 40
9 50
28 17
25 35
51 15
29 3
1 36
29 57
34 10
52 4
16 57
12 41
28 39
55 35
4 19
