38 60
0 0
19 10
34 30
36 27
18 6
67 4
16 12
36 34
43 13
48 17
72 0
22 8
24 3
32 2
28 4
54 8
3 2
47 3
20 11
36 35
36 36
13 5
9 8
50 18
32 7
49 9
12 1
36 33
62 7
38 14
14 7
41 4
57 5
55 12
46 19
36 32
48 7
64 6
38 29
25 15
14 18
33 38
37 26
33 18
34 29
6 11
8 20
28 29
20 21
21 17
7 2
27 22
3 4
11 1
2 12
9 32
13 5
8 29
15 13
6 20
25 32
9 35
10 24
4 30
38 6
23 8
7 31
24 36
3 36
28 36
33 16
16 26
28 7
9 10
34 24
7 23
1 21
3 2
37 18
36 35
30 25
4 19
30 35
22 31
25 14
11 18
37 32
12 19
5 12
26 10
16 34
14 27
23 17
22 17
13 27
19 15
5 31
27 1
