37 64
0 0
26 5
30 10
70 0
35 33
45 19
36 9
31 24
8 7
35 32
39 1
48 3
13 6
41 17
31 27
39 6
66 3
23 13
53 2
46 21
53 5
62 7
26 2
5 4
18 3
15 5
35 3
49 12
33 25
35 22
47 9
35 34
50 11
35 35
40 18
48 20
55 6
4 1
4 34
24 1
17 22
24 26
24 13
4 19
16 27
3 18
37 6
30 35
28 14
25 23
8 29
17 21
32 5
2 23
20 14
2 7
12 19
13 15
23 27
13 8
10 15
36 20
21 31
23 11
4 17
11 1
31 12
11 16
29 15
8 30
9 10
18 26
9 34
10 5
35 14
26 8
34 22
29 35
7 27
33 37
25 3
16 12
32 22
36 6
20 5
21 19
21 33
28 33
19 11
25 1
32 36
22 6
32 9
30 18
7 14
3 2
28 31
13 9
25 26
17 37
34 24
