36 68
0 0
37 26
33 12
48 16
47 8
35 13
25 11
30 15
23 12
37 28
9 6
37 29
14 6
51 7
11 2
61 5
53 12
27 13
39 9
12 4
14 3
31 11
27 10
31 17
49 15
7 1
50 14
34 34
37 27
8 7
4 2
59 4
68 0
35 32
56 10
57 9
26 15
21 32
2 24
11 26
16 33
2 9
20 13
13 21
8 3
19 25
18 22
29 9
36 35
10 12
23 7
21 33
10 17
19 13
17 14
30 31
2 4
26 33
33 1
18 2
22 23
36 16
19 5
14 32
5 27
28 34
23 13
30 28
7 9
2 19
3 22
24 8
35 12
34 11
14 5
13 10
9 13
34 13
21 15
31 1
30 11
29 4
18 8
22 19
24 6
14 13
1 28
12 34
32 16
25 10
20 15
26 31
29 10
27 17
25 4
11 20
34 33
36 34
6 3
25 27
6 19
35 17
14 36
7 18
