40 62
0 0
19 14
12 3
17 15
16 13
52 19
56 3
21 11
50 13
36 3
41 6
38 36
65 6
52 18
57 7
38 37
31 3
53 11
30 4
8 7
68 4
48 14
15 4
53 16
12 6
53 4
5 4
40 2
33 1
61 5
52 20
18 7
60 9
42 8
16 10
47 7
18 2
38 38
76 0
39 34
17 19
10 34
7 26
16 12
22 9
35 5
11 36
18 9
35 25
31 13
38 27
26 15
35 32
34 9
24 15
27 3
39 1
21 7
18 36
11 28
2 8
21 31
6 13
22 6
1 37
30 15
28 29
11 34
1 27
38 16
14 33
30 33
32 19
3 23
4 20
26 36
25 3
16 39
37 17
18 24
14 24
5 4
19 8
39 40
40 21
29 40
21 30
13 33
4 12
20 25
29 31
6 10
20 38
40 17
29 10
32 23
14 22
12 2
5 8
2 40
7 28
23 37
