40 62
0 0
22 17
35 18
61 11
20 1
35 23
11 8
17 13
38 37
7 2
38 35
26 20
30 20
38 34
16 5
70 4
62 2
4 3
38 36
20 4
38 31
76 0
38 20
29 19
38 32
62 7
65 8
9 7
45 25
42 24
38 33
20 16
46 20
72 3
40 19
22 9
50 21
32 25
47 22
38 38
22 1
25 38
10 1
37 39
9 19
8 11
32 36
31 12
23 6
23 35
20 5
21 25
8 36
20 36
16 9
4 33
26 27
30 21
25 29
7 8
20 15
40 18
26 17
31 14
27 11
24 13
30 39
30 35
36 26
24 2
7 28
40 9
19 11
32 11
15 10
22 40
32 4
18 10
32 14
23 3
2 32
17 5
13 38
16 34
7 15
3 4
21 6
35 33
22 34
28 18
31 29
12 2
5 1
3 24
37 14
38 12
6 13
19 28
27 16
39 29
37 33
34 17
