40 62
0 0
41 33
58 15
38 19
49 23
52 17
38 27
46 21
37 18
4 3
40 25
76 0
67 4
48 16
24 15
12 6
22 2
18 3
66 8
39 23
70 5
41 31
33 19
14 13
36 14
38 37
45 27
38 38
10 8
7 2
21 13
72 3
10 5
9 1
23 6
18 10
29 20
41 24
55 18
41 32
16 29
25 3
14 6
26 24
32 12
31 25
4 9
31 36
11 38
35 17
30 29
27 38
19 31
22 40
37 15
3 39
26 31
32 13
8 20
6 39
37 2
24 16
9 23
33 29
33 34
24 10
15 25
20 11
11 23
13 19
7 37
8 27
35 18
5 39
21 13
22 7
40 2
31 2
36 16
4 14
28 21
36 18
1 12
20 4
10 28
26 21
25 14
40 5
8 6
19 35
30 1
30 10
1 34
23 7
27 5
9 15
17 32
18 33
34 17
3 2
22 38
12 28
