40 62
0 0
34 11
58 9
47 16
76 0
12 1
47 23
61 10
39 9
47 17
38 36
21 8
70 5
16 9
47 25
48 21
49 14
47 6
50 8
21 3
38 37
38 38
20 10
4 3
15 13
38 35
54 10
37 10
47 11
47 24
64 7
22 2
72 3
26 4
9 2
5 4
13 5
58 12
42 8
30 7
23 26
3 19
18 39
2 28
14 37
3 8
20 6
5 22
34 12
21 11
29 18
31 3
33 13
16 10
17 4
25 23
18 31
40 39
15 31
30 8
12 20
40 28
22 13
30 15
40 15
4 9
39 4
2 7
11 26
7 16
27 38
18 34
34 26
38 7
17 10
32 5
35 37
19 29
5 1
35 25
17 29
24 1
24 36
32 20
16 9
33 34
10 27
21 25
13 11
27 19
34 15
22 36
30 2
1 6
23 14
32 33
38 8
21 36
12 14
28 9
24 35
37 6
