40 62
0 0
39 8
69 6
38 18
16 3
38 38
32 13
36 21
48 9
38 30
15 1
28 5
33 6
41 7
36 33
19 6
63 6
50 8
33 11
28 8
31 12
57 2
36 20
55 4
36 22
9 4
76 0
45 12
36 23
42 11
38 36
27 13
66 5
71 4
9 7
13 5
66 8
38 37
58 3
6 5
19 20
15 36
7 4
10 22
36 5
32 16
3 34
40 26
39 27
8 23
13 14
27 1
14 24
21 16
30 2
34 6
11 1
1 40
17 33
5 26
35 26
11 22
33 39
31 17
18 9
29 32
16 10
8 25
7 19
30 9
32 8
5 11
27 34
23 4
31 37
36 10
10 24
7 2
25 28
31 15
23 21
22 39
16 12
10 17
33 3
15 35
29 18
37 38
20 13
12 20
9 14
28 30
18 25
24 12
19 21
28 4
38 35
6 38
24 29
40 6
2 13
37 3
