39 74
0 0
16 11
17 12
64 9
59 11
50 14
15 10
13 8
60 6
68 5
74 0
61 12
4 3
30 1
14 9
70 3
55 14
58 2
62 10
53 16
53 13
57 12
37 32
6 5
9 5
9 8
59 4
37 37
11 6
37 31
61 8
59 14
47 15
8 4
50 19
66 7
12 7
3 2
51 18
32 28
24 28
14 22
17 21
11 1
15 8
29 37
20 21
13 38
16 27
17 28
28 8
28 12
22 17
14 34
14 31
33 14
1 14
26 34
37 8
38 1
27 14
10 28
28 29
18 14
39 6
20 28
28 11
14 21
14 5
34 24
28 4
14 37
25 14
9 36
2 7
36 28
25 26
33 39
6 14
14 30
13 14
38 28
10 9
39 28
36 31
28 23
23 30
6 20
3 30
14 19
28 16
28 7
16 18
24 13
35 14
27 10
23 35
15 7
4 19
3 2
18 11
3 28
2 14
4 31
32 5
25 29
19 12
35 33
9 14
15 14
28 26
32 22
5 12
