38 72
0 0
58 9
53 10
12 11
18 10
38 28
52 8
61 6
9 7
7 6
3 2
14 13
69 2
36 36
67 4
6 5
21 12
5 3
15 9
38 29
23 13
20 11
60 7
54 12
65 3
8 4
72 0
36 1
62 5
12 8
16 15
65 6
49 14
54 13
10 9
56 11
63 4
52 15
26 28
14 35
37 29
33 28
23 8
26 10
17 14
1 27
33 34
28 5
20 14
14 10
28 13
25 15
8 29
21 20
11 1
28 1
11 14
6 20
33 38
6 28
15 13
17 21
28 3
29 14
22 28
31 14
28 19
21 28
28 18
25 28
7 2
14 16
25 32
32 14
28 37
35 9
12 14
30 4
36 14
24 36
6 38
3 36
9 28
14 27
23 14
16 26
13 27
24 28
10 9
24 34
7 23
12 19
2 3
16 18
14 2
28 7
19 4
35 30
4 14
31 22
14 38
18 11
37 32
12 5
14 34
30 28
8 28
14 15
17 22
31 5
