40 78
0 0
16 14
22 9
61 6
61 13
55 19
19 8
16 7
67 7
67 4
76 0
58 7
4 2
32 2
14 12
72 3
52 9
38 38
63 11
49 10
57 17
59 15
24 10
7 4
10 8
10 5
70 5
43 12
13 6
18 16
65 9
55 8
53 21
8 6
38 37
64 5
12 10
7 1
52 22
46 11
22 21
4 12
22 5
6 40
16 11
15 8
29 37
14 28
13 38
40 28
6 33
20 17
17 32
15 37
38 24
11 1
13 1
16 27
17 21
8 7
26 34
8 37
22 17
1 38
10 36
31 9
21 20
34 25
5 19
40 20
8 29
27 18
4 36
34 24
21 6
29 26
26 24
9 36
7 2
31 19
26 25
40 33
34 13
14 35
2 15
38 11
18 1
10 9
39 33
31 36
14 39
30 23
6 20
3 30
12 32
27 9
30 2
16 18
13 24
28 39
27 10
23 35
7 15
4 19
2 3
18 11
30 35
23 3
4 31
5 32
29 25
12 19
33 28
10 16
3 7
25 37
22 32
12 5
