100 156
0 0
62 44
94 40
39 23
42 19
42 16
62 50
73 41
86 38
116 43
117 39
136 34
73 44
170 8
174 12
65 56
125 40
108 44
61 10
44 25
110 53
34 24
36 11
65 57
112 58
181 9
110 43
98 98
129 41
163 2
38 17
77 45
36 14
39 33
132 38
89 35
97 39
42 36
26 13
46 40
16 9
102 47
196 0
165 7
71 49
66 47
65 53
176 7
98 96
66 42
65 40
52 14
184 10
115 47
122 46
90 36
5 4
40 30
162 8
45 13
38 22
89 86
22 14
172 15
9 3
108 38
65 48
176 4
193 2
54 39
190 5
65 37
165 10
81 42
179 8
65 59
173 17
34 25
113 37
112 57
39 31
176 1
112 56
113 49
38 29
56 15
101 46
65 58
32 19
67 54
98 97
28 12
114 41
119 44
39 32
58 51
174 5
59 38
174 19
43 12
100 6
99 77
64 15
14 15
58 86
12 35
60 6
2 67
61 4
42 25
89 22
8 13
68 82
68 69
3 56
25 80
78 22
39 89
94 55
79 11
61 22
79 56
75 26
91 53
65 57
73 59
86 19
96 40
12 56
12 59
21 83
39 92
98 2
42 21
10 17
31 89
27 66
18 84
64 75
70 38
48 75
9 36
80 29
49 73
72 98
10 54
79 93
46 50
47 67
63 95
99 26
62 3
72 51
24 88
48 68
30 97
28 43
12 36
96 24
69 43
36 34
3 87
31 5
51 8
7 47
81 58
82 30
6 5
8 50
71 69
33 92
90 32
41 92
76 9
86 20
34 59
57 49
55 29
14 73
99 53
77 64
16 47
36 38
62 25
91 71
41 95
61 85
35 62
30 44
20 85
23 19
72 38
73 77
5 4
43 1
93 10
56 66
60 19
39 63
81 85
94 83
54 84
45 13
50 98
2 70
78 63
24 16
57 28
29 35
1 82
42 87
83 80
23 100
26 71
17 55
76 40
94 54
70 7
58 95
11 17
87 37
32 74
78 81
65 1
65 44
44 14
33 100
96 7
40 38
18 21
74 13
51 9
11 35
88 32
15 97
4 52
90 16
20 52
9 74
95 34
45 90
19 34
93 27
28 91
46 45
88 76
46 67
37 18
84 27
65 59
97 48
37 66
60 52
41 23
53 49
33 31
