1399 -1293 -2636 1822
1000
-510452 -660980
-126684 -163868
-71237 -92045
-2084 -2468
-443168 -573824
-499861 -647261
-222626 -288146
-421363 -545579
-238824 -309128
-115470 -149342
-267482 -346250
-355325 -460037
-273089 -353513
-7691 -9731
-28873 -37169
-63138 -81554
-92419 -119483
-463727 -600455
-43825 -56537
-191476 -247796
-235086 -304286
-410772 -531860
-369031 -477791
-577736 -748136
-226364 -292988
-356571 -461651
-470580 -609332
-546586 -707786
-148489 -192113
-9560 -12152
-341619 -442283
-8314 -10538
-247546 -320426
-194591 -251831
-531634 -688418
-374015 -484247
-301747 -390635
-49432 -63800
-564653 -731189
-349095 -451967
-268728 -347864
-497992 -644840
-39464 -50888
-207674 -268778
-579605 -750557
-412641 -534281
-451267 -584315
-394574 -510878
-331028 -428564
-347849 -450353
-87435 -113027
-320437 -414845
-435069 -563333
-179639 -232463
-550947 -713435
-27004 -34748
-429462 -556070
-620100 -803012
-332274 -430178
-370900 -480212
-158457 -205025
-230725 -298637
-192722 -249410
-202690 -262322
-426347 -552035
-53793 -69449
-509206 -659366
-165310 -213902
-251284 -325268
-570883 -739259
-384606 -497966
-455628 -589964
-613247 -794135
-567145 -734417
-316699 -410003
-433200 -560912
-65007 -83975
-296763 -384179
-605148 -783644
-161572 -209060
-111109 -143693
-593934 -769118
-497369 -644033
-400804 -518948
-286795 -371267
-505468 -654524
-488647 -632735
-221380 -286532
-446906 -578666
-540979 -700523
-79959 -103343
-452513 -585929
-541602 -701330
-531011 -687611
-438807 -568175
-466219 -603683
-362178 -468914
-439430 -568982
-269351 -348671
-557800 -722312
-80582 -104150
-188361 -243761
-177147 -229235
-190853 -246989
-2707 -3275
-479925 -621437
-585212 -757820
-559046 -723926
-332897 -430985
-144128 -186464
-291156 -376916
-134160 -173552
-521043 -674699
-326044 -422108
-471826 -610946
-298632 -386600
-142882 -184850
-169671 -219551
-342242 -443090
-236955 -306707
-91173 -117869
-343488 -444704
-238201 -308321
-416379 -539123
-292402 -378530
-493631 -639191
-154719 -200183
-287418 -372074
-274335 -355127
-264990 -343022
-218265 -282497
-549078 -711014
-249415 -322847
-417002 -539930
-591442 -765890
-407034 -527018
-314207 -406775
-43202 -55730
-402673 -521369
-176524 -228428
-475564 -615788
-527273 -682769
-599541 -776381
-154096 -199376
-104879 -135623
-474941 -614981
-387721 -502001
-337881 -437441
-382737 -495545
-395820 -512492
-241316 -312356
-375261 -485861
-220757 -285725
-450021 -582701
-338504 -438248
-378376 -489896
-103633 -134009
-84943 -109799
-243808 -315584
-35726 -46046
-288664 -373688
-137898 -178394
-274958 -355934
-413264 -535088
-492385 -637577
-286172 -370460
-558423 -723119
-42579 -54923
-615116 -796556
-193345 -250217
-40710 -52502
-576490 -746522
-363424 -470528
-201444 -260708
-426970 -552842
-359063 -464879
-577113 -747329
-448775 -581087
-258760 -334952
-20774 -26678
-95534 -123518
-308600 -399512
-150358 -194534
-547209 -708593
-47563 -61379
-543471 -703751
-175278 -226814
-157211 -203411
-456874 -591578
-197706 -255866
-433823 -561719
-529765 -685997
-139144 -180008
-339750 -439862
-105502 -136430
-589573 -763469
-517305 -669857
-160949 -208253
-6445 -8117
-400181 -518141
-377753 -489089
-414510 -536702
-508583 -658559
-335389 -434213
-368408 -476984
-177770 -230042
-262498 -339794
-90550 -117062
-85566 -110606
-159080 -205832
-65630 -84782
-348472 -451160
-318568 -412424
-155965 -201797
-79336 -102536
-559669 -724733
-364670 -472142
-385852 -499580
-355948 -460844
-185869 -240533
-425724 -551228
-60646 -78326
-208297 -269585
-239447 -309935
-211412 -273620
-36349 -46853
-507960 -657752
-476810 -617402
-60023 -77519
-367785 -476177
-590819 -765083
-421986 -546386
-464350 -601262
-30119 -38783
-354079 -458423
-174655 -226007
-170917 -221165
-539733 -698909
-319814 -414038
-5822 -7310
-217642 -281690
-521666 -675506
-114224 -147728
-248792 -322040
-7068 -8924
-437561 -566561
-333520 -431792
-491139 -635963
-173409 -224393
-602033 -779609
-83697 -108185
-381491 -493931
-288041 -372881
-513567 -665015
-117962 -152570
-471203 -610139
-610755 -790907
-180262 -233270
-473695 -613367
-88681 -114641
-38841 -50081
-216396 -280076
-56908 -73484
-306731 -397091
-330405 -427757
-537241 -695681
-479302 -620630
-89927 -116255
-278073 -359969
-491762 -636770
-600164 -777188
-478679 -619823
-219511 -284111
-377130 -488282
-149735 -193727
-26381 -33941
-454382 -588350
-3330 -4082
-518551 -671471
-285549 -369653
-464973 -602069
-226987 -293795
-260629 -337373
-74352 -96080
-166556 -215516
-233217 -301865
-396443 -513299
-619477 -802205
-598918 -775574
-622592 -806240
-228233 -295409
-514190 -665822
-172163 -222779
-36972 -47660
-503599 -652103
-136029 -175973
-44448 -57344
-441299 -571403
-189607 -245375
-575244 -744908
-463104 -599648
-3953 -4889
-220134 -284918
-415756 -538316
-573375 -742487
-230102 -297830
-139767 -180815
-352210 -456002
-50678 -65414
-405788 -525404
-375884 -486668
-145374 -188078
-526027 -681155
-325421 -421301
-133537 -172745
-611378 -791714
-535995 -694067
-134783 -174359
-489270 -633542
-457497 -592385
-164064 -212288
-16413 -21029
-203313 -263129
-496123 -642419
-289910 -375302
-419494 -543158
-364047 -471335
-237578 -307514
-116716 -150956
-315453 -408389
-30742 -39590
-28250 -36362
-297386 -384986
-311092 -402740
-183377 -237305
-214527 -277655
-490516 -635156
-41333 -53309
-423232 -548000
-54416 -70256
-322306 -417266
-110486 -142886
-347226 -449546
-383983 -497159
-568391 -736031
-562784 -728768
-131045 -169517
-484286 -627086
-81205 -104957
-279942 -362390
-370277 -479405
-319191 -413231
-121700 -157412
-112978 -146114
-511698 -662594
-447529 -579473
-253776 -328496
-545340 -706172
-78713 -101729
-438184 -567368
-506714 -656138
-73106 -94466
-13921 -17801
-304239 -393863
-430085 -556877
-123569 -159833
-529142 -685190
-376507 -487475
-483663 -626279
-453759 -587543
-168425 -217937
-129176 -167096
-407657 -527825
-136652 -176780
-109863 -142079
-294894 -381758
-467465 -605297
-383360 -496352
-399558 -517334
-99895 -129167
-212658 -275234
-387098 -501194
-509829 -660173
-89304 -115448
-434446 -562526
-334143 -432599
-534749 -692453
-321060 -415652
-329159 -426143
-206428 -267164
-245677 -318005
-188984 -244568
-236332 -305900
-144751 -187271
-121077 -156605
-345357 -447125
-361555 -468107
-561538 -727154
-373392 -483440
-350341 -453581
-23889 -30713
-180885 -234077
-484909 -627893
-324175 -419687
-270597 -350285
-130422 -168710
-365293 -472949
-299878 -388214
-582097 -753785
-124815 -161447
-336635 -435827
-605771 -784451
-395197 -511685
-232594 -301058
-231348 -299444
-481171 -623051
-289287 -374495
-241939 -313163
-182131 -235691
-342865 -443897
-174032 -225200
-532880 -690032
-569637 -737645
-560915 -726347
-245054 -317198
-506091 -655331
-135406 -175166
-352833 -456809
-570260 -738452
-542225 -702137
-515436 -667436
-441922 -572210
-530388 -686804
-482417 -624665
-404542 -523790
-405165 -524597
-453136 -586736
-412018 -533474
-436315 -564947
-557177 -721505
-306108 -396284
-25758 -33134
-382114 -494738
-263744 -341408
-152850 -197762
-838 -854
-537864 -696488
-380868 -493124
-244431 -316391
-583966 -756206
-96157 -124325
-240070 -310742
-374638 -485054
-593311 -768311
-554685 -718277
-200821 -259901
-435692 -564140
-502353 -650489
-590196 -764276
-451890 -585122
-169048 -218744
-294271 -380951
-225741 -292181
-401427 -519755
-440676 -570596
-310469 -401933
-461858 -598034
-103010 -133202
-445660 -577052
-595180 -770732
-282434 -365618
-501107 -648875
-295517 -382565
-251907 -326075
-225118 -291374
-266236 -344636
-357194 -462458
-346603 -448739
-481794 -623858
-187738 -242954
-35103 -45239
-88058 -113834
-187115 -242147
-276827 -358355
-192099 -248603
-390213 -505229
-572752 -741680
-604525 -782837
-581474 -752978
-390836 -506036
-595803 -771539
-70614 -91238
-182754 -236498
-317945 -411617
-227610 -294602
-126061 -163061
-75598 -97694
-307977 -398705
-204559 -264743
-621969 -805433
-357817 -463265
-137275 -177587
-146620 -189692
-578982 -749750
-618854 -801398
-207051 -267971
-575867 -745715
-22020 -28292
-311715 -403547
-623215 -807047
-388967 -503615
-360932 -467300
-31365 -40397
-327913 -424529
-150981 -195341
-12675 -16187
-564030 -730382
-345980 -447932
-18282 -23450
-372146 -481826
-563407 -729575
-19528 -25064
-63761 -82361
-162818 -210674
-468711 -606911
-462481 -598841
-83074 -107378
-337258 -436634
-413887 -535895
-213904 -276848
-598295 -774767
-51301 -66221
-46317 -59765
-116093 -150149
-544094 -704558
-281811 -364811
-409526 -530246
-250661 -324461
-367162 -475370
-141013 -182429
-592688 -767504
-157834 -204218
-86812 -112220
-312338 -404354
-199575 -258287
-246923 -319619
-431331 -558491
-11429 -14573
-24512 -31520
-275581 -356741
-616362 -798170
-119831 -154991
-511075 -661787
-585835 -758627
-210789 -272813
-293648 -380144
-458120 -593192
-269974 -349478
-33857 -43625
-391459 -506843
-84320 -108992
-67499 -87203
-592065 -766697
-601410 -778802
-424478 -549614
-34480 -44432
-138521 -179201
-185246 -239726
-554062 -717470
-612624 -793328
-94288 -121904
-278696 -360776
-316076 -409196
-500484 -648068
-131668 -170324
-69368 -89624
-147866 -191306
-547832 -709400
-299255 -387407
-548455 -710207
-13298 -16994
-163441 -211481
-607017 -786065
-489893 -634349
-512321 -663401
-66253 -85589
-516682 -669050
-358440 -464072
-444414 -575438
-398935 -516527
-99272 -128360
-420117 -543965
-61892 -79940
-58154 -75098
-480548 -622244
-618231 -800591
-223872 -289760
-551570 -714242
-527896 -683576
-78090 -100922
-340996 -441476
-519797 -673085
-440053 -569789
-313584 -405968
-293025 -379337
-324798 -420494
-588950 -762662
-450644 -583508
-522912 -677120
-302370 -391442
-616985 -798977
-538487 -697295
-40087 -51695
-466842 -604490
-101141 -130781
-198952 -257480
-582720 -754592
-323552 -418880
-512944 -664208
-603279 -781223
-5199 -6503
-586458 -759434
-584589 -757013
-167179 -216323
-459366 -594806
-436938 -565754
-550324 -712628
-351587 -455195
-14544 -18608
-271843 -351899
-224495 -290567
-552816 -715856
-544717 -705365
-284926 -368846
-354702 -459230
-603902 -782030
-469334 -607718
-264367 -342215
-431954 -559298
-366539 -474563
-32611 -42011
-198329 -256673
-94911 -122711
-609509 -789293
-17036 -21836
-109240 -141272
-48809 -62993
-266859 -345443
-162195 -209867
-132291 -171131
-446283 -577859
-76844 -99308
-212035 -274427
-4576 -5696
-242562 -313970
-528519 -684383
-498615 -645647
-261875 -338987
-55662 -71870
-540356 -699716
-167802 -217130
-127930 -165482
-261252 -338180
-336012 -435020
-448152 -580280
-196460 -254252
-81828 -105764
-252530 -326882
-129799 -167903
-422609 -547193
-55039 -71063
-127307 -164675
-615739 -797363
-205182 -265550
-594557 -769925
-31988 -41204
-229479 -297023
-389590 -504422
-190230 -246182
-235709 -305093
-353456 -457616
-291779 -377723
-58777 -75905
-555308 -719084
-175901 -227621
-571506 -740066
-132914 -171938
-608263 -787679
-327290 -423722
-114847 -148535
-254399 -329303
-48186 -62186
-486155 -629507
-572129 -740873
-393328 -509264
-458743 -593999
-459989 -595613
-597049 -773153
-449398 -581894
-307354 -397898
-15167 -19415
-107994 -139658
-153473 -198569
-566522 -733610
-223249 -288953
-1461 -1661
-397689 -514913
-520420 -673892
-106125 -137237
-37595 -48467
-495500 -641612
-432577 -560105
-71860 -92852
-53170 -68642
-102387 -132395
-602656 -780416
-101764 -131588
-487401 -631121
-155342 -200990
-300501 -389021
-569014 -736838
-25135 -32327
-587081 -760241
-378999 -490703
-606394 -785258
-277450 -359162
-380245 -492317
-597672 -773960
-41956 -54116
-501730 -649682
-98026 -126746
-142259 -184043
-556554 -720698
-111732 -144500
-408280 -528632
-372769 -482633
-534126 -691646
-15790 -20222
-526650 -681962
-195837 -253445
-494877 -640805
-555931 -719891
-417625 -540737
-304862 -394670
-476187 -616595
-334766 -433406
-141636 -183236
-281188 -364004
-22643 -29099
-408903 -529439
-68122 -88010
-365916 -473756
-51924 -67028
-10183 -12959
-608886 -788486
-565899 -732803
-253153 -327689
-8937 -11345
-379622 -491510
-388344 -502808
-61269 -79133
-302993 -392249
-350964 -454388
-344111 -445511
-359686 -465686
-423855 -548807
-580228 -751364
-283057 -366425
-248169 -321233
-18905 -24257
-322929 -418073
-478056 -619016
-360309 -466493
-64384 -83168
-610132 -790100
-68745 -88817
-113601 -146921
-122323 -158219
-309846 -401126
-519174 -672278
-76221 -98501
-499238 -646454
-215773 -279269
-50055 -64607
-151604 -196148
-257514 -333338
-246300 -318812
-425101 -550421
-455005 -589157
-410149 -531053
-339127 -439055
-117339 -151763
-268105 -347057
-545963 -706979
-273712 -354320
-119208 -154184
-517928 -670664
-600787 -777995
-406411 -526211
-560292 -725540
-184623 -238919
-271220 -351092
-301124 -389828
-97403 -125939
-493008 -638384
-385229 -498773
-170294 -220358
-82451 -106571
-165933 -214709
-507337 -656945
-23266 -29906
-77467 -100115
-303616 -393056
-215150 -278462
-140390 -181622
-331651 -429371
-156588 -202604
-86189 -111413
-98649 -127553
-549701 -711821
-326667 -422915
-120454 -155798
-524158 -678734
-535372 -693260
-195214 -252638
-255645 -330917
-243185 -314777
-184000 -238112
-397066 -514106
-514813 -666629
-525404 -680348
-344734 -446318
-567768 -735224
-522289 -676313
-107371 -138851
-456251 -590771
-403919 -522983
-552193 -715049
-46940 -60572
-45694 -58958
-228856 -296216
-403296 -522176
-217019 -280883
-620723 -803819
-420740 -544772
-147243 -190499
-280565 -363197
-125438 -162254
-91796 -118676
-73729 -95273
-532257 -689225
-369654 -478598
-305485 -395477
-392705 -508457
-276204 -357548
-502976 -651296
-122946 -159026
-445037 -576245
-371523 -481019
-329782 -426950
-52547 -67835
-222003 -287339
-29496 -37976
-460612 -596420
-17659 -22643
-38218 -49274
-607640 -786872
-411395 -532667
-473072 -612560
-428839 -555263
-56285 -72677
-218888 -283304
-418871 -542351
-104256 -134816
-181508 -234884
-20151 -25871
-430708 -557684
-314830 -407582
-108617 -140465
-621346 -804626
-106748 -138044
-468088 -606104
-443791 -574631
-504222 -652910
-152227 -196955
-172786 -223586
-573998 -743294
-160326 -207446
-486778 -630314
-10806 -13766
-504845 -653717
-427593 -553649
-309223 -400319
-272466 -352706
-203936 -263936
-171540 -221972
-186492 -241340
-524781 -679541
-72483 -93659
-612001 -792521
-124192 -160640
-231971 -300251
-402050 -520562
-465596 -602876
-66876 -86396
-539110 -698102
-349718 -452774
-588327 -761855
-617608 -799784
-469957 -608525
-93665 -121097
-321683 -416459
-393951 -510071
-386475 -500387
-542848 -702944
-200198 -259094
-298009 -385793
-362801 -469721
-614493 -795749
-265613 -343829
-392082 -507650
-442545 -573017
-62515 -80747
-202067 -261515
-494254 -639998
-179016 -231656
-296140 -383372
-312961 -405161
-93042 -120290
-474318 -614174
-96780 -125132
-209543 -271199
-45071 -58151
-208920 -270392
-193968 -251024
-553439 -716663
-428216 -554456
-233840 -302672
-69991 -90431
-485532 -628700
-415133 -537509
-398312 -515720
-565276 -731996
-523535 -677927
-477433 -618209
-340373 -440669
-197083 -255059
-587704 -761048
-496746 -643226
-256268 -331724
-596426 -772346
-578359 -748943
-205805 -266357
-159703 -206639
-240693 -311549
-33234 -42818
-74975 -96887
-580851 -752171
-263121 -340601
-112355 -145307
-12052 -15380
-488024 -631928
-128553 -166289
-21397 -27485
-145997 -188885
-260006 -336566
-317322 -410810
-284303 -368039
-574621 -744101
-256891 -332531
-536618 -694874
-164687 -213095
-259383 -335759
-418248 -541544
-483040 -625472
-533503 -690839
-283680 -367232
-27627 -35555
-562161 -727961
-290533 -376109
-613870 -794942
-118585 -153377
-250038 -323654
-234463 -303479
-149112 -192920
-461235 -597227
-178393 -230849
-472449 -611753
-210166 -272006
-258137 -334145
-279319 -361583
-100518 -129974
-143505 -185657
-57531 -74291
-583343 -755399
-328536 -425336
-59400 -76712
-255022 -330110
-213281 -276041
-516059 -668243
