2024 48517 -6336 -100443
2500
4054 -20413
25109 -48138
21969 -16503
11444 -46388
16584 -7353
16289 -47643
18964 -35013
9659 -25643
13579 -25863
-2496 -49538
43629 -33448
37804 -32138
26494 -5943
35944 -47763
5739 -25423
17104 -50638
39984 -28328
34369 -40793
19239 -30113
40789 -49018
5794 -24443
38419 -3663
29359 -42478
289 -34948
-261 -44748
22409 -8663
409 -15293
13469 -27823
21319 -10568
30989 -48468
45259 -39438
35999 -46783
14074 -17043
27904 -15853
89 -3478
42759 -31433
2514 -47853
7204 -34353
46964 -9058
25769 -36378
32694 -18088
4804 -42083
19624 -23253
31054 -29793
20714 -21348
36064 -28108
18269 -12363
5849 -23463
19899 -18353
25439 -42258
12664 -7133
6024 -2828
39004 -28273
23654 -21513
1224 -18288
22334 -45033
24589 -4853
45864 -28658
13424 -11108
30304 -8123
28664 -19828
35369 -5458
27729 -36488
33939 -30938
29579 -38558
684 -10393
20064 -15413
20704 -39043
21099 -14488
43574 -34428
17214 -48678
39169 -25333
12114 -16933
30194 -10083
9054 -36423
35734 -33988
5674 -44098
34059 -11283
12269 -31688
46039 -8023
31064 -12098
6489 -47093
42054 -26478
13679 -41598
34039 -46673
25779 -18683
12004 -18893
2094 -20303
43804 -12813
32089 -28868
33564 -20103
41999 -27458
23609 -4798
32209 -9213
15154 -32833
43529 -17713
41359 -3828
5684 -26403
1764 -26183
38949 -29253
33994 -29958
21519 -42038
3459 -13498
42979 -27513
344 -33968
17619 -6428
14294 -13123
14274 -48513
26199 -46233
44444 -36443
25714 -37358
45214 -22723
20649 -40023
44984 -44338
27939 -50263
14549 -43613
11234 -32613
1809 -42898
5784 -42138
12224 -14973
37904 -47873
-2331 -46598
34589 -36873
17004 -34903
45599 -15863
45544 -16843
7324 -14698
41944 -28438
20164 -31148
3349 -15458
11959 -2178
1179 -1573
46349 -37533
35149 -9378
26639 -38393
9724 -6968
-636 -33913
44884 -28603
22244 -11603
26274 -9863
19414 -9478
4989 -3753
13744 -22923
43894 -46243
34224 -8343
40369 -21468
23444 -7738
33189 -9268
-1616 -33858
44509 -17768
1479 -48778
36889 -13408
2469 -31138
14624 -7243
22939 -34253
40469 -37203
4539 -29288
10309 -31578
39159 -43028
43969 -9873
32134 -45583
21484 -7628
25934 -33438
20769 -20368
21089 -32183
6334 -32338
7479 -29453
2369 -15403
30284 -43513
29379 -7088
4659 -9633
9614 -8928
23204 -47048
33024 -12208
29854 -33658
12424 -46443
2744 -26238
34699 -34913
45654 -14883
11574 -9038
26529 -40353
12644 -42523
43794 -30508
48054 -7153
29544 -4148
35019 -46728
34754 -33933
39554 -18473
40909 -29363
41129 -25443
6434 -48073
22894 -17538
18479 -26138
39234 -6658
43639 -15753
6454 -12683
32419 -22988
34909 -48688
20989 -16448
3834 -24333
14459 -10183
3769 -43008
8339 -49163
25989 -32458
21254 -29243
38124 -43953
20879 -18408
37694 -34098
-471 -30973
2844 -41973
794 -8433
16794 -21128
20319 -45903
16034 -17153
31449 -5238
21629 -40078
35359 -23153
5894 -40178
10409 -47313
18864 -19278
34874 -14278
8789 -23628
10914 -20798
19669 -39968
11884 -38548
9979 -37458
35294 -41828
2259 -17363
23974 -33328
35424 -4478
1114 -20248
5529 -11648
4924 -22428
8074 -36368
1069 -3533
7599 -9798
33819 -50593
37164 -8508
26959 -50208
31099 -46508
36119 -27128
36239 -7473
42749 -49128
22629 -4743
17709 -39858
17609 -24123
37684 -51793
17434 -44758
32969 -13188
22444 -43073
47999 -8133
22354 -9643
25184 -11768
33334 -41718
26099 -30498
23534 -41168
42229 -5843
11454 -28693
-2386 -47578
8039 -1958
33829 -32898
31319 -42588
19834 -37028
37474 -38018
37364 -39978
23279 -10678
8504 -46223
36274 -41883
33894 -14223
-1286 -27978
36659 -35023
27584 -4038
23664 -3818
14404 -11163
5904 -22483
7489 -11758
37209 -25223
32484 -4313
28324 -43403
-1186 -43713
24634 -21568
1874 -24223
-2441 -48558
3604 -45948
10924 -3103
35579 -19233
34984 -12318
29964 -31698
18094 -32998
22169 -47973
5454 -48018
13094 -16988
17719 -22163
30129 -28758
13294 -48458
-96 -41808
13404 -46498
17884 -19223
34169 -9323
16684 -23088
16839 -37843
32684 -35783
21584 -23363
18579 -41873
38519 -19398
29754 -17923
33619 -19123
48219 -4213
40149 -25388
28599 -38503
32024 -47543
11994 -36588
23214 -29353
44024 -8893
18809 -20258
774 -43823
7634 -44208
12169 -15953
27629 -20753
6949 -3863
25659 -38338
7864 -22593
26539 -22658
4594 -28308
13569 -43558
26604 -3983
5189 -35223
42264 -40253
8019 -37348
30624 -19938
8194 -16713
2579 -29178
10739 -41433
19184 -31093
16464 -27008
3009 -39033
29029 -48358
35724 -51683
46524 -16898
17819 -37898
25999 -14763
45744 -48313
4264 -34188
36604 -36003
23114 -13618
24294 -45143
43144 -24573
11389 -47368
45059 -7968
35834 -49723
37859 -31158
-296 -10338
1379 -33043
20054 -33108
29744 -35618
24579 -22548
40304 -40143
40744 -32303
15429 -27933
1389 -15348
11464 -10998
43904 -28548
44189 -5953
23599 -22493
11024 -18838
15274 -13178
14064 -34738
-2166 -43658
7059 -1903
32309 -24948
1919 -40938
38774 -49888
40249 -41123
34799 -50648
25239 -10788
45369 -37478
46569 -33613
47064 -24793
28499 -22768
29214 -10028
46249 -21798
36769 -33063
47284 -20873
40214 -6713
26364 -43293
14724 -22978
15749 -39748
36869 -48798
30789 -16998
33354 -6328
40954 -46078
28994 -13948
35954 -30068
19724 -38988
44224 -40363
43959 -27568
519 -13333
7259 -33373
1279 -17308
3184 -18398
12829 -4193
24854 -17648
42934 -10798
5584 -10668
36404 -4533
18689 -39913
31924 -31808
42969 -45208
38189 -25278
46789 -29693
9559 -9908
3824 -42028
33729 -17163
6079 -1848
4494 -12573
23049 -32293
38839 -31213
13644 -7188
-1351 -46653
37329 -5568
4164 -18453
23699 -38228
35689 -17273
12059 -17913
37274 -6548
37419 -38998
15869 -20093
13844 -38658
16849 -20148
17269 -47698
42274 -22558
35129 -44768
23259 -46068
19294 -29133
4584 -46003
32374 -6273
32099 -11173
32199 -26908
3019 -21338
44654 -50218
27144 -11878
14 -39848
25329 -44218
38464 -20378
38354 -22338
26904 -51188
30724 -35673
19569 -24233
8559 -45243
20669 -4633
6544 -46113
15969 -35828
41339 -39218
21684 -39098
22774 -37193
8954 -20688
46019 -43413
4374 -32228
21079 -49878
44894 -10908
25349 -8828
29414 -41498
7004 -2883
33169 -44658
37914 -30178
26549 -4963
10814 -5063
15164 -15138
14394 -28858
29469 -40518
29799 -34638
25129 -12748
13259 -14048
-846 -20138
35514 -37908
3844 -6638
-1461 -48613
40049 -9653
29919 -14983
17279 -30003
19614 -40948
-791 -19158
8129 -35388
11684 -7078
2479 -13443
38684 -16458
46204 -5083
45524 -52233
509 -31028
10979 -2123
41714 -50053
31284 -8178
40919 -11668
11134 -16878
35899 -31048
39289 -5678
23479 -42148
6929 -39253
40379 -3773
40314 -22448
38144 -8563
34269 -25058
8779 -41323
6554 -28418
3679 -9578
11829 -39528
19284 -46828
179 -36908
26109 -12803
25119 -30443
18524 -42853
21429 -8608
5464 -30323
25624 -3928
23424 -43128
37529 -37038
42384 -20598
17114 -32943
15364 -46608
30074 -29738
18249 -47753
33949 -13243
41899 -11723
16784 -38823
27574 -21733
34974 -30013
13184 -50418
21044 -15468
42694 -50108
40414 -38183
27234 -45308
1334 -16328
8634 -8873
11939 -37568
8964 -2993
36164 -43843
39104 -44008
24944 -51078
3779 -25313
-86 -24113
41834 -30398
40359 -39163
7314 -32393
22684 -3763
43784 -48203
43254 -22613
41679 -15643
39829 -13573
16674 -40783
22729 -20478
12544 -26788
43739 -31488
37539 -19343
41229 -41178
18489 -8443
9759 -41378
25229 -28483
-141 -25093
45039 -43358
47339 -19893
9484 -46278
5199 -17528
30029 -13023
15264 -30873
19744 -3598
39864 -47983
13799 -21943
12479 -45463
42914 -46188
28179 -10953
34854 -49668
45324 -20763
1269 -35003
45149 -41398
22389 -44053
-1891 -38758
34049 -28978
33764 -51573
13249 -31743
32584 -20048
12204 -50363
37154 -26203
41174 -42158
33134 -10248
31394 -6218
25274 -45198
-416 -29993
1124 -2553
17289 -12308
28874 -33603
21574 -41058
23059 -14598
16419 -10293
12389 -12033
21409 -43998
37089 -44878
38344 -40033
43134 -42268
35634 -18253
16529 -8333
19689 -4578
36714 -34043
24679 -38283
5034 -20468
26649 -20698
37584 -36058
39764 -32248
6564 -10723
45114 -6988
10354 -48293
46129 -41453
26704 -19718
41119 -43138
37254 -41938
36494 -37963
14679 -6263
23964 -51023
44299 -3993
11244 -14918
41889 -29418
27189 -28593
36934 -30123
23754 -37248
24404 -43183
4649 -27328
43244 -40308
28709 -36543
38409 -21358
19504 -42908
34214 -26038
-1946 -39738
1609 -11428
12334 -13013
9834 -5008
40964 -28383
35204 -8398
45854 -46353
38069 -44933
19634 -5558
16024 -34848
15384 -11218
22884 -35233
33059 -46618
949 -23188
8349 -31468
-196 -26073
20494 -25268
35404 -39868
27354 -25653
15824 -3378
32859 -15148
27299 -26633
38134 -26258
12369 -47423
45379 -19783
37969 -29198
15879 -2398
44334 -38403
28509 -5073
21474 -25323
18434 -9423
39939 -11613
4759 -25368
-1561 -32878
26054 -13783
34324 -24078
41789 -13683
28014 -13893
35039 -11338
39609 -17493
1489 -31083
16344 -46663
5969 -3808
4474 -47963
41449 -37258
15209 -31853
829 -42843
46239 -39493
15639 -41708
20219 -30168
40324 -4753
4484 -30268
7764 -6858
11554 -44428
22674 -21458
33079 -11228
22464 -7683
1664 -10448
41184 -24463
9109 -35443
37979 -11503
1554 -12408
24194 -29408
18194 -48733
14834 -21018
13514 -44538
11839 -21833
16509 -43723
13919 -2288
19469 -8498
41194 -6768
14614 -24938
37704 -16403
33784 -16183
8524 -10833
36284 -24188
1994 -4568
38629 -17438
15714 -5338
32254 -25928
27034 -13838
25614 -21623
39444 -20433
10594 -8983
2964 -22318
34709 -17218
19339 -45848
45929 -9983
40754 -14608
23929 -16613
2954 -40013
6774 -24498
38289 -41013
46854 -11018
36074 -10413
46899 -27733
13699 -6208
12049 -35608
-1396 -29938
30514 -21898
3889 -23353
10484 -10943
34644 -35893
18699 -22218
30824 -51408
10694 -24718
43364 -20653
-131 -7398
14789 -4303
37109 -9488
38564 -36113
21594 -5668
-966 -39793
35744 -16293
24789 -36323
20174 -13453
4219 -17473
29249 -44438
41614 -34318
21749 -20423
-1121 -25038
14119 -33758
46624 -32633
17984 -34958
45104 -24683
24964 -15688
45974 -26698
15704 -23033
464 -14313
42539 -35353
2029 -38978
2404 -49813
28554 -21788
27134 -29573
42859 -47168
5474 -12628
41394 -38238
28764 -35563
13029 -35663
12884 -3213
9019 -2013
24999 -50098
4419 -48943
21529 -24343
16234 -48623
38619 -35133
2589 -11483
36944 -12428
-911 -38813
43684 -32468
27619 -38448
44279 -39383
10374 -12903
34819 -15258
38179 -42973
23864 -35288
12279 -13993
20384 -27228
2524 -30158
32804 -16128
41084 -8728
3624 -10558
34149 -44713
41074 -26423
20724 -3653
16134 -32888
44344 -20708
5509 -47038
39389 -21413
1444 -14368
15914 -36808
10904 -38493
31914 -49503
35259 -7418
2624 -45893
25889 -16723
4714 -8653
15649 -24013
32904 -31863
42659 -15698
16244 -30928
28864 -51298
39014 -10578
31979 -30828
41459 -19563
24259 -10733
28169 -28648
39884 -12593
11069 -35553
17674 -5448
11299 -13938
-856 -37833
3239 -17418
6069 -19543
33609 -36818
38014 -45913
10749 -23738
46184 -40473
19194 -13398
42824 -12758
38904 -12538
45279 -4048
9339 -13828
24524 -23528
18039 -33978
20979 -34143
30944 -31753
32299 -42643
-2056 -41698
26749 -36433
48109 -6173
144 -2498
4329 -15513
6619 -9743
8284 -50143
25924 -51133
2899 -40993
25019 -14708
37639 -35078
18799 -37953
28049 -48303
31044 -47488
38199 -7583
31559 -3278
13479 -10128
-901 -21118
36724 -16348
13084 -34683
39399 -3718
17564 -7408
12599 -25808
13414 -28803
17224 -30983
1654 -28143
39279 -23373
29974 -14003
10144 -34518
44079 -7913
37649 -17383
19944 -35068
7379 -13718
18369 -28098
33444 -39758
-1066 -24058
29689 -36598
9999 -2068
1709 -27163
2304 -34078
6324 -50033
23169 -12638
11949 -19873
20429 -43943
-461 -13278
14284 -30818
35799 -15313
14889 -20038
11344 -30653
27564 -39428
4639 -45023
39699 -50923
20264 -46883
43199 -23593
38884 -47928
22554 -41113
1004 -22208
30899 -15038
7269 -15678
21309 -28263
9889 -4028
9989 -19763
24954 -33383
26209 -28538
1499 -13388
21759 -2728
35314 -6438
31604 -19993
6399 -13663
37044 -28163
30524 -4203
29844 -51353
25559 -22603
13149 -16008
4009 -3698
29259 -26743
15199 -49548
39544 -36168
-746 -35873
30934 -49448
17489 -43778
23719 -2838
37439 -3608
33299 -7308
36174 -26148
14349 -12143
4099 -37128
1829 -7508
31374 -41608
6179 -17583
12864 -38603
-801 -36853
40479 -19508
10584 -26678
33244 -8288
16144 -15193
15979 -18133
26374 -25598
10629 -43393
32034 -29848
3494 -47908
27474 -5998
46689 -13958
20759 -38063
37219 -7528
19524 -7518
10849 -39473
31229 -9158
32529 -21028
8139 -17693
41304 -4808
28124 -11933
36559 -19288
11179 -33593
27409 -24673
8889 -39363
44729 -13848
36669 -17328
10684 -42413
26384 -7903
34489 -21138
3569 -11538
37429 -21303
16409 -27988
32739 -34803
894 -24168
20339 -10513
45689 -49293
15494 -9258
884 -41863
42154 -42213
9924 -38438
11509 -27713
3989 -39088
22509 -24398
35624 -35948
13139 -33703
18139 -49713
24414 -25488
41659 -51033
5024 -38163
17389 -28043
-2276 -45618
5254 -16548
34864 -31973
46029 -25718
44554 -34483
24029 -32348
45434 -18803
33389 -40738
7589 -27493
15109 -16118
3074 -20358
-526 -31953
16089 -16173
39179 -7638
7854 -40288
5364 -14588
15254 -48568
15044 -34793
24019 -50043
6654 -44153
40269 -5733
33289 -25003
6344 -14643
5299 -33263
12444 -11053
26309 -44273
2314 -16383
19889 -36048
8569 -27548
13239 -49438
-41 -40828
8029 -19653
17379 -45738
6884 -22538
444 -49703
8734 -24608
42869 -29473
17499 -26083
44874 -46298
13589 -8168
19404 -27173
43949 -45263
25219 -46178
30779 -34693
-31 -23133
11334 -48348
6664 -26458
25284 -27503
25494 -41278
-2221 -44638
32429 -5293
10704 -7023
7799 -41268
39499 -19453
18599 -6483
12214 -32668
2854 -24278
31339 -7198
10529 -27658
40524 -36223
22454 -25378
34444 -4423
19084 -15358
8899 -21668
33719 -34858
3734 -8598
6289 -15623
13789 -39638
12919 -37623
6509 -11703
37594 -18363
7304 -50088
21209 -12528
26144 -47213
33674 -18143
39059 -27293
17764 -38878
28564 -4093
33454 -22063
27684 -19773
40624 -51958
35909 -13353
47129 -6118
30174 -45473
36384 -39923
41284 -40198
33929 -48633
42704 -32413
3139 -1683
36989 -29143
25009 -32403
1159 -36963
4914 -40123
23809 -36268
19074 -33053
43034 -26533
8944 -38383
30239 -26798
39124 -8618
44949 -9928
25449 -24563
40029 -45043
33509 -21083
17179 -14268
47614 -14993
10044 -18783
18149 -32018
7699 -25533
5399 -48998
40534 -18528
42484 -36333
9539 -45298
9284 -14808
19779 -38008
3439 -48888
30339 -42533
40084 -44063
28159 -46343
36449 -21248
42209 -41233
10429 -11923
-351 -11318
43474 -18693
35139 -27073
1104 -37943
22784 -19498
5959 -21503
38829 -48908
2039 -21283
6894 -4843
32959 -30883
8404 -30488
46469 -17878
10419 -29618
14989 -35773
14569 -8223
-1076 -41753
6609 -27438
41624 -16623
3549 -46928
44004 -44283
31814 -33768
9714 -24663
23104 -31313
39069 -9598
30879 -50428
13864 -3268
14339 -29838
28399 -7033
14439 -45573
25879 -34418
14219 -49493
42879 -11778
28344 -8013
43849 -29528
12819 -21888
30614 -37633
29149 -28703
42329 -21578
10299 -49273
15419 -45628
21154 -13508
24534 -5833
41934 -46133
36349 -5513
34809 -32953
25404 -7848
79 -21173
10574 -44373
9814 -40398
17544 -42798
36329 -40903
44764 -48258
29324 -8068
27254 -9918
22344 -27338
37759 -15423
34929 -13298
47559 -15973
29809 -16943
5914 -4788
38454 -38073
15054 -17098
37814 -14443
2789 -42953
2864 -6583
21704 -3708
299 -17253
37749 -33118
38244 -24298
22224 -46993
27089 -12858
31329 -24893
19679 -22273
25549 -40298
8799 -5933
36549 -36983
19029 -16338
6839 -5823
199 -1518
739 -9413
31429 -40628
38034 -10523
47944 -9113
11289 -31633
34424 -39813
47669 -14013
41769 -49073
43564 -52123
44719 -31543
45699 -31598
44179 -23648
-306 -28033
38849 -13518
19579 -6538
1169 -19268
41724 -32358
18589 -24178
3879 -41048
10034 -36478
2424 -14423
15144 -50528
30669 -36653
11279 -49328
8239 -33428
23389 -8718
47229 -21853
25569 -4908
20044 -50803
2919 -5603
42284 -4863
46194 -22778
45269 -21743
39379 -39108
41844 -12703
36704 -51738
40194 -42103
15594 -24993
34 -4458
40854 -30343
9944 -3048
35349 -40848
244 -18233
10154 -16823
2699 -9523
14184 -15083
16254 -13233
36814 -49778
46149 -6063
24094 -13673
41824 -48093
40844 -48038
29589 -20863
20869 -36103
42584 -52068
33519 -3388
1984 -22263
24469 -24508
8514 -28528
14239 -14103
13634 -24883
7534 -28473
31989 -13133
11794 -5118
20504 -7573
43619 -51143
29534 -21843
27069 -48248
839 -25148
20209 -47863
15769 -4358
28289 -8993
10474 -28638
8414 -12793
18084 -50693
45589 -33558
26594 -21678
47834 -11073
31649 -36708
24184 -47103
25174 -29463
1819 -25203
39874 -30288
47019 -8078
2459 -48833
8999 -37403
31494 -21953
2909 -23298
30844 -16018
5144 -18508
6674 -8763
4824 -6693
30679 -18958
11674 -24773
45919 -27678
16079 -33868
31264 -43568
41064 -44118
7469 -47148
25459 -6868
12554 -9093
26759 -18738
2644 -10503
31859 -50483
32264 -8233
47724 -13033
5574 -28363
32409 -40683
43694 -14773
42804 -48148
17059 -33923
46459 -35573
2634 -28198
26089 -48193
-956 -22098
35854 -14333
46304 -20818
11904 -3158
4549 -11593
1434 -32063
39809 -48963
27244 -27613
19459 -26193
36824 -32083
44939 -27623
24314 -9753
41559 -35298
-1176 -26018
44929 -45318
3614 -28253
18159 -14323
11784 -22813
24149 -12693
23369 -44108
42374 -38293
21374 -9588
39324 -40088
39599 -35188
29599 -3168
5044 -2773
18204 -31038
35844 -32028
10089 -35498
10264 -14863
23709 -20533
38299 -23318
27344 -43348
26419 -42313
14494 -44593
30999 -30773
5409 -31303
36294 -6493
36219 -42863
45964 -44393
20284 -11493
12434 -28748
15439 -10238
-1726 -35818
17929 -35938
9174 -16768
14879 -37733
12259 -49383
18304 -46773
36999 -11448
45644 -32578
33014 -29903
35679 -34968
39774 -14553
16564 -42743
22179 -30278
26979 -14818
15474 -44648
32244 -43623
46744 -12978
7709 -7838
39929 -29308
14604 -42633
9229 -15788
17654 -40838
37739 -50813
18634 -40893
10649 -8003
10639 -25698
7644 -26513
10254 -32558
40899 -47058
31934 -14113
10969 -19818
31439 -22933
-2111 -42678
25514 -5888
22234 -29298
12489 -27768
31769 -17053
23004 -15578
14999 -18078
45764 -12923
28929 -32623
32364 -23968
42109 -25498
25679 -2948
20154 -48843
21419 -26303
16399 -45683
12984 -18948
44839 -11888
10804 -22758
39214 -42048
36459 -3553
3449 -31193
26484 -23638
26694 -37413
27124 -47268
36924 -47818
19064 -50748
23039 -49988
19559 -41928
42044 -44173
10244 -50253
45049 -25663
10464 -46333
11079 -17858
16299 -29948
14164 -50473
11564 -26733
849 -7453
40094 -26368
29424 -23803
20559 -6593
26439 -6923
20934 -17428
35479 -3498
29699 -18903
46094 -7043
20229 -12473
30414 -6163
12809 -39583
4749 -43063
25294 -9808
16354 -28968
14009 -35718
9649 -43338
31119 -11118
39334 -22393
28829 -16888
28334 -25708
12589 -43503
17014 -17208
30019 -30718
21794 -37138
37054 -10468
1644 -45838
27179 -46288
44114 -42323
37264 -24243
15549 -8278
1324 -34023
13304 -30763
-1671 -34838
45224 -5028
33179 -26963
12159 -33648
4384 -14533
29314 -25763
42604 -16678
43354 -38348
9934 -20743
7104 -18618
22564 -23418
47074 -7098
24699 -2893
29489 -5128
17509 -8388
25979 -50153
46139 -23758
22664 -39153
16739 -22108
11894 -20853
1059 -21228
5079 -37183
23269 -28373
29049 -12968
41019 -27403
31109 -28813
13689 -23903
38254 -6603
9119 -17748
33774 -33878
3404 -14478
17454 -9368
4064 -2718
20109 -32128
2754 -8543
37319 -23263
39919 -47003
33554 -37798
10859 -21778
40104 -8673
27309 -8938
9384 -30543
24459 -42203
31154 -45528
28269 -44383
36019 -11393
23334 -9698
21639 -22383
8744 -6913
31219 -26853
44169 -41343
16199 -14213
564 -30048
7414 -48128
4439 -13553
25824 -35398
24734 -37303
34434 -22118
43464 -36388
39269 -41068
554 -47743
18049 -16283
21694 -21403
45159 -23703
41349 -21523
29899 -50373
39819 -31268
13359 -29783
38024 -28218
13754 -5228
4044 -38108
6004 -38218
6279 -33318
29864 -15963
34544 -20158
14384 -46553
47119 -23813
34534 -37853
7819 -5878
47239 -4158
2194 -36038
41514 -18583
27419 -6978
40204 -24408
9009 -19708
15219 -14158
7049 -19598
30889 -32733
36504 -20268
20549 -24288
8669 -43283
24909 -16668
3174 -36093
7974 -20633
41139 -7748
16124 -50583
17124 -15248
20814 -37083
15329 -12198
15374 -28913
8679 -25588
43189 -41288
44244 -4973
18379 -10403
19799 -2618
15804 -38768
2084 -37998
10364 -30598
15529 -43668
4769 -7673
32894 -49558
21264 -11548
6984 -38273
20449 -8553
9549 -27603
25074 -13728
6169 -35278
44784 -12868
46799 -11998
45004 -8948
-251 -27053
37924 -12483
44454 -18748
14514 -9203
34964 -47708
21024 -50858
38794 -14498
24514 -41223
38939 -46948
33344 -24023
-76 -6418
5134 -36203
29434 -6108
18919 -18298
16639 -6373
19449 -43888
16729 -39803
31659 -19013
21739 -38118
4209 -35168
46514 -34593
35469 -21193
35249 -25113
45479 -35518
19394 -44868
42099 -43193
33884 -31918
20274 -29188
12699 -41543
24624 -39263
21299 -45958
124 -37888
16859 -2453
33664 -35838
33004 -47598
46844 -28713
35184 -43788
46734 -30673
17729 -4468
5089 -19488
41954 -10743
7754 -24553
41669 -33338
43264 -4918
6874 -40233
25394 -25543
40634 -34263
31539 -38668
22134 -13563
40734 -49998
27289 -44328
21364 -27283
16629 -24068
19359 -10458
3724 -26293
234 -35928
44389 -37423
29634 -37578
30084 -12043
6224 -34298
18424 -27118
32839 -50538
12499 -10073
14714 -40673
42549 -17658
24644 -3873
28214 -45363
34334 -6383
11399 -29673
16904 -19168
8459 -29508
45754 -30618
27884 -51243
23224 -11658
46404 -36553
29159 -11008
46579 -15918
11774 -40508
9264 -50198
16619 -41763
-681 -17198
38739 -15478
34919 -30993
38309 -5623
1864 -41918
904 -6473
37384 -4588
19514 -25213
43729 -49183
9869 -39418
22289 -28318
12874 -20908
11224 -50308
44399 -19728
34094 -45693
44599 -51198
3514 -12518
14559 -25918
26429 -24618
23094 -49008
43519 -35408
18744 -38933
6124 -18563
27794 -17813
27784 -35508
26804 -35453
40139 -43083
44499 -35463
7964 -38328
24369 -8773
46074 -42433
36394 -22228
9669 -7948
-536 -49648
4934 -4733
9704 -42358
18764 -3543
31714 -18033
34744 -51628
35789 -33008
719 -44803
44014 -26588
17664 -23143
43099 -7858
30249 -9103
3294 -16438
28104 -47323
34599 -19178
32539 -3333
42649 -33393
28114 -29628
23499 -6758
22114 -48953
11499 -45408
33069 -28923
47174 -22833
32749 -17108
2359 -33098
30359 -7143
42924 -28493
8854 -4953
39434 -38128
27739 -18793
17234 -13288
20439 -26248
21959 -34198
7919 -21613
8359 -13773
13909 -19983
48164 -5193
26034 -49173
12104 -34628
14229 -31798
18754 -21238
6994 -20578
30504 -39593
8184 -34408
6939 -21558
8304 -14753
22279 -46013
17874 -36918
10199 -33538
45819 -11943
38399 -39053
40159 -7693
-1451 -30918
45169 -6008
39344 -4698
28069 -12913
4119 -1738
38574 -18418
39709 -33228
31504 -4258
27079 -30553
32849 -32843
23149 -48028
1424 -49758
18909 -35993
9064 -18728
44819 -47278
38994 -45968
45634 -50273
17939 -18243
35779 -50703
3029 -3643
28059 -30608
-1516 -49593
35194 -26093
3899 -5658
32189 -44603
30449 -40573
45489 -17823
26319 -26578
16179 -49603
8614 -44263
21034 -33163
18654 -5503
39994 -10633
36834 -14388
3559 -29233
36109 -44823
9164 -34463
23314 -45088
20779 -2673
28654 -37523
8834 -40343
45909 -45373
3394 -32173
9429 -47258
5804 -6748
2139 -37018
3229 -35113
11189 -15898
43914 -10853
23919 -34308
21859 -18463
4979 -21448
39489 -37148
37034 -45858
1599 -29123
38234 -41993
8394 -48183
43089 -25553
44619 -15808
47184 -5138
18534 -25158
24249 -28428
26969 -32513
37099 -27183
26164 -11823
30404 -23858
22059 -49933
8449 -47203
7654 -8818
17159 -49658
24084 -31368
13624 -42578
13524 -26843
33224 -43678
9494 -28583
39719 -15533
24479 -6813
4704 -26348
24139 -30388
16959 -18188
36229 -25168
24744 -19608
33839 -15203
10099 -17803
11849 -4138
24239 -46123
19249 -12418
20484 -42963
20594 -41003
5639 -9688
14844 -3323
28919 -50318
40699 -15588
17444 -27063
25054 -49118
22829 -36213
30294 -25818
30559 -38613
9329 -31523
24 -22153
24304 -27448
3119 -37073
26329 -8883
37199 -42918
-426 -47688
1974 -39958
44059 -43303
38959 -11558
25384 -43238
34159 -27018
39644 -51903
18974 -17318
29269 -9048
-21 -5438
29304 -43458
28884 -15908
37374 -22283
2569 -46873
18644 -23198
16309 -12253
4694 -44043
5344 -49978
33984 -47653
38089 -9543
6389 -31358
2974 -4623
13459 -45518
2204 -18343
30579 -3223
27519 -22713
41734 -14663
-516 -14258
31969 -48523
41239 -23483
3384 -49868
36054 -45803
16804 -3433
44564 -16788
24074 -49063
33234 -25983
45709 -13903
45809 -29638
44124 -24628
15814 -21073
34389 -5403
28224 -27668
8724 -42303
21904 -35178
34314 -41773
11739 -6098
12609 -8113
28444 -23748
8294 -32448
23644 -39208
12754 -40563
20824 -19388
10794 -40453
22619 -22438
30064 -47433
36979 -46838
26474 -41333
39974 -46023
23874 -17593
46909 -10038
2104 -2608
2689 -27218
42814 -30453
17829 -20203
35524 -20213
-1836 -37778
20329 -28208
28719 -18848
30459 -22878
-581 -32933
41029 -9708
26219 -10843
21539 -6648
-1341 -28958
15539 -25973
31594 -37688
29369 -24783
11729 -23793
13194 -32723
399 -32988
454 -32008
27454 -41388
46414 -18858
-241 -9358
13314 -13068
27364 -7958
5629 -27383
5519 -29343
6379 -49053
3954 -4678
32319 -7253
19349 -28153
2159 -1628
26859 -34473
16749 -4413
44609 -33503
28379 -42423
32794 -33823
23589 -40188
15759 -22053
30569 -20918
33464 -4368
31209 -44548
36879 -31103
40424 -20488
9824 -22703
29084 -47378
47504 -16953
36184 -8453
-1781 -36798
14449 -27878
34259 -42753
43859 -11833
1884 -6528
3659 -44968
31824 -16073
27024 -31533
9879 -21723
22519 -6703
32474 -22008
25944 -15743
14824 -38713
39664 -16513
24799 -18628
46679 -31653
24689 -20588
-406 -12298
25834 -17703
609 -46763
6719 -25478
23554 -5778
21244 -46938
26659 -3003
46259 -4103
37484 -20323
3129 -19378
29479 -22823
42769 -13738
42009 -9763
31879 -15093
16519 -26028
26264 -27558
37794 -49833
7369 -31413
39049 -44988
37869 -13463
15319 -29893
45799 -47333
23324 -27393
38729 -33173
8844 -22648
6819 -41213
30734 -17978
-186 -8378
11014 -36533
43024 -44228
27959 -14873
18469 -43833
5729 -43118
43299 -39328
1929 -23243
41249 -5788
32784 -51518
15859 -37788
28454 -6053
40864 -12648
41779 -31378
30394 -41553
21464 -43018
8084 -18673
4274 -16493
44544 -52178
19019 -34033
13204 -15028
12314 -48403
29039 -30663
4364 -49923
3064 -38053
5309 -15568
42219 -23538
43409 -37368
9504 -10888
22719 -38173
38674 -34153
4529 -46983
22299 -10623
9779 -5988
45204 -40418
24204 -11713
31009 -13078
25724 -19663
37849 -48853
31484 -39648
5839 -41158
33409 -5348
-371 -46708
29139 -46398
17399 -10348
574 -12353
14734 -5283
38719 -50868
-1241 -44693
28619 -3113
33499 -38778
69 -38868
30119 -46453
38509 -37093
17334 -29023
6014 -20523
17324 -46718
33874 -49613
14129 -16063
44829 -29583
13899 -37678
3504 -30213
25164 -47158
2149 -19323
32079 -46563
9769 -23683
12974 -36643
23984 -15633
11124 -34573
28234 -9973
45984 -9003
24569 -40243
5859 -5768
8579 -9853
3789 -7618
44774 -30563
43209 -5898
9594 -44318
34114 -10303
-206 -43768
1049 -38923
1774 -8488
24899 -34363
31549 -20973
27839 -34528
41294 -22503
21354 -44978
31274 -25873
2249 -35058
12379 -29728
29524 -39538
5949 -39198
5099 -1793
40799 -31323
19304 -11438
8469 -11813
33124 -27943
47779 -12053
26044 -31478
25669 -20643
41404 -20543
32914 -14168
22189 -12583
2534 -12463
40644 -16568
13534 -9148
4604 -10613
6114 -36258
47449 -17933
2414 -32118
14019 -18023
24349 -44163
28544 -39483
3669 -27273
7744 -42248
18709 -4523
1939 -5548
-1506 -31898
46634 -14938
26869 -16778
25339 -26523
16894 -36863
14669 -23958
7424 -30433
29104 -11988
19229 -47808
19999 -34088
15484 -26953
45314 -38458
23379 -26413
28389 -24728
21849 -36158
619 -29068
7434 -12738
43044 -8838
10759 -6043
6234 -16603
15924 -19113
20604 -23308
32639 -19068
18324 -11383
4154 -36148
13039 -17968
43079 -43248
15584 -42688
41879 -47113
11719 -41488
27399 -42368
31164 -27833
7929 -3918
44709 -49238
26814 -17758
35964 -12373
31759 -34748
26584 -39373
7149 -35333
14769 -39693
5419 -13608
8249 -15733
14329 -47533
14174 -32778
38079 -27238
27994 -49283
7579 -45188
31869 -32788
10319 -13883
9604 -26623
994 -39903
1719 -9468
34204 -43733
32154 -10193
43674 -50163
26914 -33493
12764 -22868
9319 -49218
16949 -35883
1534 -47798
-626 -16218
41989 -45153
22839 -18518
42164 -24518
23819 -18573
20394 -9533
27199 -10898
19734 -21293
42594 -34373
1544 -30103
26924 -15798
499 -48723
18259 -30058
37959 -46893
22079 -14543
38784 -32193
6729 -7783
29909 -32678
41604 -52013
14659 -41653
24844 -35343
45424 -36498
8624 -26568
34104 -27998
17554 -25103
21804 -19443
-571 -15238
45094 -42378
15309 -47588
46084 -24738
30469 -5183
42439 -19618
32519 -38723
29954 -49393
22994 -33273
18104 -15303
12719 -6153
25064 -31423
34279 -7363
37144 -43898
30834 -33713
18819 -2563
18359 -45793
14504 -26898
40579 -35243
4879 -5713
25604 -39318
28004 -31588
12939 -2233
42989 -9818
44234 -22668
44134 -6933
1754 -43878
6059 -37238
42119 -7803
44289 -21688
27894 -33548
32044 -12153
15604 -7298
19139 -14378
3944 -22373
10209 -15843
1589 -46818
35569 -36928
30349 -24838
22739 -2783
44674 -14828
11664 -42468
19789 -20313
24424 -7793
30229 -44493
4814 -24388
7874 -4898
10959 -37513
-1021 -40773
32949 -48578
7689 -43228
31704 -35728
7984 -2938
15099 -33813
10539 -9963
7544 -10778
44994 -26643
13369 -12088
2809 -7563
23434 -25433
40679 -50978
784 -26128
6784 -6803
-361 -29013
-1131 -42733
42319 -39273
30954 -14058
19174 -48788
20374 -44923
17599 -41818
22499 -42093
12654 -24828
22984 -50968
45874 -10963
5694 -8708
28609 -20808
17169 -31963
18854 -36973
28774 -17868
16189 -31908
34654 -18198
11354 -12958
13954 -36698
43419 -19673
23764 -19553
29644 -19883
28434 -41443
7909 -39308
32354 -41663
10519 -45353
21914 -17483
27509 -40408
-481 -48668
1214 -35983
35414 -22173
35239 -42808
46294 -38513
9274 -32503
43319 -3938
36759 -50758
42064 -8783
31804 -51463
36439 -38943
46359 -19838
29194 -45418
9374 -48238
17774 -21183
12929 -19928
3284 -34133
22024 -15523
41009 -45098
2679 -44913
664 -45783
9219 -33483
28939 -14928
14779 -21998
22004 -50913
31174 -10138
1014 -4513
16454 -44703
38894 -30233
11409 -11978
39114 -26313
23544 -23473
17784 -3488
22949 -16558
43749 -13793
5244 -34243
28279 -26688
4969 -39143
5564 -46058
-2001 -40718
22124 -31258
43154 -6878
35084 -28053
-1406 -47633
20614 -5613
13349 -47478
38664 -51848
44069 -25608
-1296 -45673
12774 -5173
20659 -22328
35094 -10358
35889 -48743
42714 -14718
7094 -36313
12324 -30708
7039 -37293
354 -16273
22574 -5723
18314 -29078
5619 -45078
10869 -4083
11629 -8058
27639 -3058
42494 -18638
28974 -49338
5354 -32283
34004 -12263
42174 -6823
939 -40883
29094 -29683
43584 -16733
6829 -23518
45579 -51253
6599 -45133
39754 -49943
31384 -23913
7159 -17638
11609 -43448
26154 -29518
39224 -24353
28489 -40463
30139 -11063
28984 -31643
-151 -42788
32629 -36763
3339 -33153
8909 -3973
6764 -42193
40589 -17548
959 -5493
4859 -41103
36779 -15368
16694 -5393
33114 -45638
43309 -21633
47009 -25773
27014 -49228
38364 -4643
14934 -36753
47889 -10093
19954 -17373
21649 -4688
47394 -18913
32574 -37743
-691 -34893
7524 -46168
33279 -42698
36339 -23208
35459 -38888
9439 -29563
-316 -45728
22609 -40133
34479 -38833
41569 -17603
42429 -37313
45534 -34538
729 -27108
12534 -44483
36009 -29088
-736 -18178
12709 -23848
29204 -27723
21199 -30223
21189 -47918
21144 -31203
6499 -29398
3999 -21393
30184 -27778
21134 -48898
33399 -23043
134 -20193
16574 -25048
24359 -26468
17994 -17263
6444 -30378
4109 -19433
35074 -45748
4319 -33208
-1231 -26998
32464 -39703
24129 -48083
18214 -13343
23159 -30333
9449 -11868
40689 -33283
42639 -51088
34764 -16238
34499 -3443
27674 -37468
13734 -40618
7214 -16658
14899 -2343
17069 -16228
14944 -19058
629 -11373
27849 -16833
19129 -32073
1699 -44858
35029 -29033
9394 -12848
20119 -14433
39654 -34208
20924 -35123
20009 -16393
15659 -6318
2734 -43933
7809 -23573
20099 -49823
13964 -19003
22069 -32238
6709 -43173
43839 -47223
20539 -41983
34379 -23098
24039 -14653
27949 -32568
13809 -4248
40974 -10688
8689 -7893
37309 -40958
25504 -23583
5749 -7728
17839 -2508
22399 -26358
17344 -11328
11519 -10018
30009 -48413
2049 -3588
22014 -33218
46954 -26753
2799 -25258
15694 -40728
13854 -20963
4869 -23408
32144 -27888
19119 -49768
40039 -27348
42339 -3883
28819 -34583
27464 -23693
18414 -44813
26254 -45253
18544 -7463
27529 -5018
189 -19213
7359 -49108
16364 -11273
3934 -40068
3084 -2663
674 -28088
23489 -24453
4429 -31248
44664 -32523
16474 -9313
36614 -18308
3714 -43988
40259 -23428
11619 -25753
35304 -24133
41504 -36278
19844 -19333
36129 -9433
40809 -13628
-1011 -23078
