350 2230 1241 -7802
1000
2224211 195148
1335173 114349
406676 32803
429557 33916
2330996 203713
73715 4150
709541 58783
878180 74680
2148596 187513
2700437 235606
1901525 164650
809699 69517
640229 52627
2005331 175708
185060 13120
454100 37015
1171925 99850
2173301 188788
1715315 149950
1357061 116293
2472356 216268
480548 39364
2654837 231556
653747 55666
1042421 88348
2082851 182593
1657028 143854
663779 56557
1214627 105481
1965203 172144
829013 69394
499781 40153
133157 7591
2728547 239941
128597 7186
2678387 235486
824453 68989
2037332 177631
290852 22516
1071443 92764
1560437 134356
303539 24562
1002131 86608
1532003 133669
2251652 196666
55556 1618
2110292 184111
206948 15064
1984436 172933
977588 83509
2670260 233845
2233412 195046
1056101 89563
106709 5242
2239796 195613
384788 30859
960179 82882
2659316 232873
1282277 109651
2530724 221452
1104437 93856
1593107 139096
281732 21706
1916117 165946
2342933 203854
1473635 128485
2591828 226879
1238420 106675
1055108 90394
101156 5668
2193284 191482
2161445 187735
545381 44203
424835 35335
332885 25330
1919603 168094
759539 65062
80180 3805
1523957 131116
1694420 147175
2144867 188101
2336387 205111
1545764 133972
1504724 130327
51908 1294
1713491 149788
1330532 114856
2381987 209161
220547 17191
2432147 213616
2703173 235849
1574948 136564
1272164 109672
1515587 132211
258851 20593
470597 37561
1480931 129133
719411 61498
2459588 215134
864419 74377
416627 34606
2366564 206872
1711667 149626
2363747 207541
1756355 153595
211508 15469
2716772 237976
1933283 169309
642803 54694
797012 67471
2024645 175585
2467715 216775
1316852 113641
1093493 92884
2095619 183727
1003955 86770
1193651 103618
1381685 118480
2112947 185266
2534291 222688
2292692 200311
1672451 146143
1137269 96772
2550869 222322
607397 49711
1867781 161653
1061492 90961
192437 12856
313652 24541
256196 19438
1391717 119371
1308563 113824
2064611 180973
1845812 160621
1922339 168337
1576691 137638
2712293 236659
852644 72412
1478195 128890
1638869 141322
458660 37420
232403 18244
2151251 188668
1265780 109105
298148 23164
1618805 139540
1142741 97258
1152611 99973
1190003 103294
512549 41287
154883 11359
1634309 140917
336533 25654
2121236 185083
1048724 89827
2126708 185569
1818371 159103
14597 -2939
970211 83773
2324531 204058
956612 81646
1607780 139480
2720420 238300
688484 57832
1410707 122896
1780148 154789
1944227 170281
619091 52588
411155 34120
918308 78244
2423108 211894
504260 41470
1462772 126601
1600484 138832
859859 73972
2016437 174856
84740 4210
2625572 229876
1953347 171091
277253 20389
2195108 191644
1520309 130792
2303555 202195
1888676 164428
2264339 198712
959429 80977
453188 36934
2256212 197071
1421651 123868
2547971 223903
697523 59554
1431683 124759
422261 33268
555413 45094
2673827 235081
1036037 87781
761525 63400
749669 62347
1388069 119047
1039604 89017
335459 27397
288947 23266
368372 29401
119477 6376
2214179 194257
1496516 129598
522500 43090
1663331 145333
308099 24967
2581877 225076
1097891 95113
18995 -710
2400308 209869
531620 43900
1608692 139561
2599955 228520
1549412 134296
1252931 108883
2446901 213088
1978133 171454
1731812 150496
771476 65203
2311763 202924
1032389 87457
2416805 210415
849989 71257
576389 46957
309173 23224
2051843 179839
891941 74983
942020 80350
1522052 131866
1139924 97927
567107 47971
518021 41773
1289411 112123
2566292 224611
1960805 169915
1469237 126256
1426211 124273
1725428 149929
638324 53377
353780 28105
2557091 224713
2187731 191908
2105651 184618
2382980 208330
135893 7834
344579 28207
974021 82273
207860 15145
2115845 183685
2228771 195553
868148 73789
1441796 124738
808787 69436
900980 76705
2594483 228034
1591364 138022
2282660 199420
2724899 239617
897413 75469
1374389 117832
1488389 127957
614531 52183
359252 28591
1682564 146122
2207795 193690
1227476 105703
401285 31405
1824836 158758
1895141 164083
1145315 99325
1303253 111514
2321795 203815
737732 62206
22724 -1298
1365107 118846
2636597 229936
318212 24946
2289875 200980
2170565 188545
221540 16360
141365 8320
2246180 196180
2222549 193162
2529731 222283
2466803 216694
1726259 150922
1812068 157624
2440436 213433
72965 2245
2574581 224428
913829 76927
138629 8077
1176404 101167
1372403 119494
2140388 186784
2572595 226090
1699892 147661
1500245 129010
1798388 156409
994004 84967
1155347 100216
1277717 109246
2076629 180202
2637509 230017
1543940 133810
2216003 194419
630197 51736
1562261 134518
2249747 197416
329987 26911
657476 55078
722147 61741
2519861 219568
45443 1639
2641076 231253
1853027 162181
325589 24682
1231955 107020
1565909 134842
1210148 104164
1646003 143794
1291316 111373
1448261 124393
2155973 187249
1537556 133243
1228469 104872
2201411 193123
461315 38575
1218275 105805
28115 100
226181 15853
703988 59209
2474099 217342
2136821 185548
2613797 227911
1349684 116557
1026755 88795
1380692 119311
1792916 155923
1090757 92641
1451747 126541
1460036 126358
2088323 183079
187796 13363
165827 12331
2040980 177955
2054660 179170
12692 -2189
1842245 159385
120308 7369
1511108 130894
742211 63523
494309 39667
854468 72574
1351589 115807
445892 36286
2695796 236113
2615621 228073
1998116 174148
763349 63562
890867 76726
595460 49570
351956 27943
182243 13789
38309 -833
126692 7936
1398851 121843
319955 26020
2182340 190510
1952597 169186
843524 71602
2189717 190246
198740 14335
672068 56374
525317 42421
768821 64048
2490596 217888
1287587 111961
2372036 207358
1502981 129253
804227 69031
175940 12310
1662419 145252
1750133 151204
2737748 239839
1934357 167566
2361923 207379
895508 76219
2020916 176173
1423637 122206
1568564 135997
474995 39790
2279093 198184
2559077 223051
2693972 235951
96677 4351
395732 31831
539828 44629
1956245 169510
250643 19864
2513315 220825
1163717 99121
1075253 91264
2477909 215842
919301 77413
1629587 142336
204212 14821
1255829 107302
2735012 239596
1007603 87094
2288051 200818
1652468 143449
2269811 199198
1013156 86668
469685 37480
2325605 202315
666515 56800
648356 54268
1541123 134479
2514227 220906
1038773 88024
2134085 185305
398468 32074
1961717 169996
1937843 169714
238037 16906
123125 6700
190451 14518
1514675 132130
1857668 161674
2008229 174127
2259779 198307
355604 28267
2651939 233137
2517125 219325
788804 66742
389429 30352
1412531 123058
2259029 196402
1689779 147682
1769285 152905
1721699 150517
2391269 208147
2318228 202579
2684852 235141
2449637 213331
2124053 184414
561716 46573
528803 44569
105797 5161
1201940 103435
1160069 98797
840869 70447
2345669 204097
2370293 206284
979412 83671
1311461 112243
1147139 99487
2525252 220966
1077989 91507
1764725 152500
2500547 219691
777941 64858
2333813 203044
692963 59149
985796 84238
2298995 201790
2072981 179878
2166917 188221
1730069 149422
1250357 106816
26291 -62
1579427 137881
2681204 234817
551684 45682
691220 58075
2710307 238321
1873172 163051
1149956 98818
1440053 123664
676628 56779
441332 35881
818981 68503
2074805 180040
2628227 231031
381221 29623
2240627 196606
2661971 234028
267140 20410
463220 37825
1945301 168538
1751045 151285
167732 11581
2202485 191380
1690772 146851
2666612 233521
909107 78346
1200116 103273
1741844 151387
1322243 115039
215075 16705
2198756 191968
362069 27922
2377427 208756
1863971 163153
1340645 114835
1240163 107749
912005 76765
385700 30940
2435795 213940
815333 68179
2452211 215398
2352884 205657
177683 13384
1452740 125710
1571381 135328
883733 74254
2308196 201688
1297700 111940
1395203 121519
2300981 200128
2645717 230746
569093 46309
565364 46897
1772852 154141
586259 49672
2488691 218638
1403411 122248
484196 39688
1345955 117145
371189 28732
1418165 121720
1977221 171373
1359797 116536
718661 59593
732179 62632
1583237 136381
1739027 152056
1233860 106270
171299 12817
229667 18001
1100789 93532
1507541 129658
1220180 105055
64676 2428
2210531 193933
2427587 213211
2715029 236902
1623203 141769
519845 41935
1052291 91063
1599653 137839
1819283 159184
1320500 113965
1791011 156673
712277 59026
2730533 238279
1949699 170767
1222997 104386
2091140 182410
1861316 161998
60947 3016
1735460 150820
1378037 118156
2454035 215560
791540 66985
1886933 163354
2479733 216004
419525 33025
1294133 110704
673973 55624
2057315 180325
1384421 118723
1674275 146305
1401749 120262
1166372 100276
284387 22861
2620100 229390
685829 56677
1476452 127816
1484741 127633
1132709 96367
591812 49246
2101253 182389
2481557 216166
2330084 203632
828101 69313
930995 80290
2395667 210376
2031029 176152
1925237 166756
500612 41146
1095317 93046
2699363 237349
700421 57973
1940660 169045
2038325 176800
1364357 116941
1969925 170725
93779 5932
1744499 152542
113924 6802
2409347 211591
1753781 151528
372020 29725
2185157 189841
2503283 219934
1670789 144157
109445 5485
33749 -1238
1874003 164044
834485 69880
2631125 229450
1829315 160075
349139 28612
1912469 165622
1801955 157645
779603 66844
1784627 156106
870965 73120
510563 42949
1895891 165988
270788 20734
982229 83002
2350229 204502
2275364 198772
1184531 102808
1876901 162463
1680659 146872
2570852 225016
2165093 188059
1989989 172507
857204 72817
535187 45136
516035 43435
279989 20632
734165 60970
626387 53236
632021 51898
1868531 163558
449621 35698
194261 13018
581699 49267
1406228 121579
314483 25534
2498885 217705
1208243 104914
1838597 159061
1324979 115282
2589092 226636
1809332 157381
476900 39040
2507843 220339
1815635 158860
87395 5365
2403875 211105
1987172 173176
1708181 147478
142115 10225
2236979 196282
597284 49732
50915 2125
1698149 146587
2508755 220420
589157 48091
144932 9556
794357 66316
1354325 116050
42707 1396
2543573 221674
433124 35152
1082468 92824
2129525 184900
1159076 99628
538004 44467
1847555 161695
1131635 98110
962915 83125
953795 82315
661205 54490
1428947 124516
1283027 111556
1009427 87256
2609156 228418
2604677 227101
2341028 204604
1306901 111838
1018547 88066
159605 9940
1023188 87559
2244275 196930
488675 41005
1088021 92398
695861 57568
1535732 133081
1118117 95071
1641524 142477
1464515 127675
1083461 91993
1794740 156085
2687669 234472
2424101 211063
1123589 95557
1339652 115666
1495523 130429
1066052 91366
814340 69010
1969013 170644
443237 35131
1118948 96064
610133 49954
1759091 153838
1169027 101431
991187 85636
1856756 161593
2050019 179677
2642981 230503
2285315 200575
1763732 153331
1179140 101410
1029572 88126
1124501 95638
2069252 180466
935555 80695
2587187 227386
2387621 207823
1558451 136018
4565 -3830
465875 38980
1822019 159427
2117669 183847
2553443 224389
2034596 177388
78275 4555
1274981 109003
1528355 133345
1687124 146527
845348 71764
1882373 162949
1314116 113398
47267 1801
1113395 96490
776117 64696
2648372 231901
236132 17656
996740 85210
1326803 115444
548867 46351
1245635 108235
748757 62266
2689412 235546
340019 27802
68405 1840
2065685 179230
2658404 232792
90293 3784
2355539 206812
2577317 224671
2004419 175627
786899 67492
948323 81829
274355 21970
2027219 177652
1705364 148147
1980869 171697
601763 51049
600851 50968
2602691 228763
752405 62590
1635971 142903
1299524 112102
489668 40174
98501 4513
495221 39748
2061875 180730
216899 16867
2001845 173560
1435493 123259
882659 75997
375668 30049
1487315 129700
2360099 207217
1105187 95761
2667605 232690
1786613 154444
765923 65629
926597 78061
1904099 166717
377492 30211
2444165 212845
2047445 177610
2405861 209443
1648739 144037
228836 17008
966563 83449
572660 47545
1553141 133708
1266611 110098
837059 71947
877187 75511
116579 7957
1127987 97786
2705828 237004
1605125 138325
2231669 193972
1658771 144928
262499 20917
904709 76117
2485955 218395
799829 66802
887381 74578
1910645 165460
1247621 106573
2540837 221431
832661 69718
1261139 109612
906533 76279
715844 60262
65669 1597
2420453 210739
1107923 96004
543476 44953
1182788 101734
1746404 151792
1438229 123502
269876 20653
1973411 172873
2178692 190186
2496149 217462
1995380 173905
923861 77818
1211972 104326
1446437 124231
2562563 225199
2099429 182227
2144117 186196
200483 15409
1781141 153958
2564549 223537
2582789 225157
949235 81910
1880549 162787
1020371 88228
2315411 203248
1632323 142579
2723237 237631
2265251 198793
163172 11176
2174963 190774
6227 -1844
2297333 199804
1770947 154891
929252 79216
667427 56881
1806596 157138
2010965 174370
243347 19216
2106563 184699
1242149 106087
173204 12067
651092 54511
998564 85372
481460 39445
2132099 186967
973109 82192
2092883 183484
2536277 221026
2598293 226534
1701635 148735
1173587 101836
1529267 133426
2398484 209707
744947 63766
1555796 134863
427652 34666
2621012 229471
680195 58015
1626020 141100
404021 31648
874532 74356
1068869 90697
2611973 227749
252629 18202
623651 52993
2013701 174613
2429492 212461
1677011 146548
2086580 182005
783413 65344
506996 41713
1333349 114187
1611347 140716
2456852 214891
1899620 165400
2348243 206164
803396 68038
1892405 163840
740387 63361
1367924 118177
944675 81505
1668053 143914
1907828 166129
2154149 187087
1258484 108457
1849460 160945
2632868 230524
1595093 137434
1836773 158899
1344212 116071
2524421 219973
1832051 160318
1587797 136786
294419 23752
2463155 216370
2375603 208594
1929635 168985
1802867 157726
2044628 178279
552596 45763
1415348 122389
2676644 234412
1271333 108679
622739 52912
1719875 150355
1468325 126175
2272628 198529
933731 80533
1046900 89665
1620629 139702
1189091 103213
2080115 182350
1927892 167911
157781 9778
1110659 96247
30932 -569
438677 34726
1392467 121276
584516 48598
938372 80026
2410340 210760
82997 3136
557987 47161
302708 23569
152228 10204
1060499 91792
2414069 210172
1205669 102847
246083 19459
436772 35476
2390357 208066
1074260 92095
681269 56272
645620 54025
18164 -1703
2493332 218131
2546309 221917
323684 25432
2022821 175423
2219651 194743
259844 19762
2159621 187573
2309108 201769
1015061 85918
58292 1861
2438693 212359
728693 60484
989363 85474
147668 9799
1585061 136543
392003 32419
1650725 142375
342836 27133
822548 69739
1490963 130024
37316 -2
634676 53053
1456307 126946
605411 51373
1196387 103861
617267 52426
1775507 155296
240611 18973
707717 58621
414884 33532
408581 32053
755972 63826
861683 74134
578963 49024
2205140 192535
364643 29989
726788 61234
1991813 172669
295493 22009
1833875 160480
8213 -3506
1614164 140047
2278181 198103
