67176 -131382 -137128 265474
2500
-76892 101002
-36326 -5844
-67830 -30948
-63540 92326
-61326 16828
-156390 63408
-51544 86284
-23972 32726
-35526 1232
-160946 37738
-70122 51174
-53918 62848
-166448 54898
-170230 38512
-116262 106280
-91246 44742
-52920 15602
-36020 43184
-24538 5778
-93874 -32138
-100296 25644
-62418 109564
-30092 27354
-84024 -5964
-95844 60146
-159200 1984
-60350 83972
-42062 31188
-108390 374
-119924 42196
-106520 29104
-130860 33234
-152270 51090
-111742 97500
-48904 12116
-162344 81446
-116396 5138
-107336 60894
-146762 -41594
-188346 39182
-156042 71362
-133702 49542
-132184 -41864
-141194 85670
-158296 228
-153220 -18262
-36664 22860
-190918 70068
-129368 -55964
-76626 3398
-111482 75420
-159834 18318
-118288 90798
-107148 -30086
-85546 -26740
-139650 -7944
-48078 16984
-90290 38570
-162572 25794
-92638 12926
-119644 93432
-66142 13238
-102484 98934
-158696 -3310
-104374 -3112
-54198 11612
-85562 12126
-141946 -38004
-106578 109044
-129156 38554
-125436 22698
-66012 2198
-168058 4088
-159626 654
-137962 36242
-37750 40072
-88592 119414
-161564 15206
-107496 -38040
-79826 -24906
-147688 74552
-109430 88694
-87152 34632
-93396 -35224
-63586 21218
-77062 -34590
-63592 96742
-119384 71352
-95724 12448
-138502 7086
-167518 33244
-58828 104748
-177914 53438
-65208 121456
-152420 -11186
-86176 101776
-126730 57574
-44244 28954
-109486 -19072
-44816 77530
-168864 72536
-52686 -4270
-62480 77322
-127524 -25026
-114842 -51818
-127212 -51522
-89858 -35624
-27406 24294
-70512 84294
-60438 53938
-128756 42092
-128398 86704
-136840 53480
-36534 11820
-31562 2162
-47086 45262
-30352 49434
-151890 -18688
-144144 -1372
-190788 59028
-135940 -60458
-157486 43962
-94508 -15804
-60932 95890
-95564 111382
-82502 14812
-55154 17784
-82850 6858
-148420 24194
-44686 66490
-161590 17414
-110390 -17316
-92228 53122
-102764 47698
-186902 66582
-31578 41028
-165430 80968
-77614 87302
-123628 19186
-82108 93874
-73904 34788
-48712 33318
-63950 52130
-135676 29644
-123722 64676
-113424 -22210
-132922 -16698
-76512 31224
-83448 57642
-155132 -5918
-54308 95968
-97194 -12744
-116916 49298
-54744 57980
-57372 -18900
-107834 -9336
-150826 78490
-74688 -11154
-92404 -6946
-21078 12002
-196082 58524
-21722 -8322
-149142 10494
-85812 70864
-146446 44092
-61976 72028
-163050 28880
-68262 43246
-116978 17056
-168874 35878
-91880 61076
-123238 -13934
-71654 -6260
-156146 80194
-68974 66204
-91298 49158
-134736 62338
-65446 29146
-63492 -24272
-77988 81556
-109778 80740
-112624 -15134
-102078 26948
-120298 36450
-73150 -29244
-169944 14224
-135426 -29094
-77796 102758
-51024 42124
-109492 56452
-134044 -33936
-143214 -5336
-45642 72662
-70792 33058
-69530 75914
-120480 51906
-164640 51386
-53814 54016
-91600 112312
-134102 46004
-76222 119118
-101818 4868
-57180 2302
-118916 31608
-117648 -1060
-111138 -28808
-118370 -14760
-89422 2364
-133540 -39230
-152186 -31058
-143802 82106
-74932 -27940
-178584 35322
-50026 -5122
-108956 -26574
-71732 364
-149454 36990
-108848 76776
-84736 16994
-141370 25602
-164422 70380
-130984 -31250
-189032 59932
-151360 -26190
-27894 -9278
-150644 63034
-60162 -7008
-115024 -36362
-37916 16662
-80450 28086
-62838 32710
-88476 -40466
-145718 -17732
-52286 -732
-67758 37952
-8708 11706
-35926 -2306
-81520 6432
-147428 52472
-159902 61600
-47714 -13928
-92420 31920
-73764 60406
-23956 -6140
-115580 -26652
-133010 -46732
-180922 46336
-181182 68416
-42010 26772
-140612 73752
-162936 56706
-134574 -26434
-41428 14854
-156774 21004
-122308 -17898
-163694 8556
-77396 106296
-113788 8702
-114832 -15160
-86580 -13944
-81286 -13440
-123768 -6432
-134818 -43220
-113642 -41204
-64054 60962
-91870 97734
-83246 115502
-36820 36108
-77058 77592
-74636 -15570
-44166 22330
-92374 103028
-142294 -45958
-45636 -2862
-90186 29738
-126558 5460
-123738 103542
-163258 46544
-100442 75550
-79484 58572
-137022 68936
-113112 -48706
-111820 104124
-58110 6266
-50536 75696
-87090 66874
-84228 123882
-143672 71066
-81894 686
-82964 -20968
-115056 41370
-140154 -2650
-119758 65606
-124522 57600
-124578 -50166
-112136 18438
-78200 -12962
-61088 109138
-136850 16822
-149236 55984
-117518 -12100
-176054 45510
-73608 47158
-113310 5616
-104458 79036
-142534 49438
-98634 72038
-43148 48400
-90352 6328
-76554 72298
-14428 9872
-23416 23016
-83962 26278
-111304 -52218
-77224 54182
-14480 14288
-81946 5102
-106396 93588
-46572 76626
-111362 27722
-84440 29364
-122012 -5528
-48198 64682
-107596 82974
-49684 78356
-105424 48550
-168318 26168
-137224 11076
-149682 -18662
-154338 76682
-89936 -29000
-93106 52670
-4162 718
-129208 42970
-112370 38310
-106114 -42882
-84072 110634
-12620 6360
-129458 101708
-110126 72786
-107424 30860
-103450 68448
-174142 33166
-71836 9196
-40176 21052
-122942 -1564
-63014 -27358
-38290 10916
-93230 -11814
-114058 -5876
-130818 -7840
-136694 3574
-138206 19456
-108204 97100
-28606 13680
-140664 78168
-153724 -12968
-159600 -1554
-31666 10994
-193074 65626
-78622 97890
-61706 86606
-87620 74376
-21748 -6114
-149272 21534
-152260 87748
-143614 -8874
-140264 81706
-87282 45672
-137572 3122
-89448 4572
-85464 78818
-157278 26298
-69660 86954
-102442 57860
-135224 28766
-121108 -7284
-113986 63024
-68064 -11076
-94052 95500
-81614 51922
-101284 109548
-109934 93988
-108640 59112
-138730 -48566
-7700 1118
-88066 -270
-48322 198
-58858 -5226
-145662 90034
-167736 14250
-78154 58146
-54786 99054
-106816 16734
-90950 57112
-87142 71290
-92010 72116
-108354 34824
-24808 -8800
-160728 56732
-57934 66334
-102208 37988
-127250 101734
-86420 84990
-105132 -51262
-68412 -19030
-114048 30782
-27780 18548
-116728 -41682
-101798 78184
-142866 2618
-144306 87400
-83260 -33338
-91074 -7372
-128012 -58598
-39558 43584
-110130 -39396
-43880 -1958
-82586 96960
-74662 -13362
-54100 78304
-131000 7616
-168474 39416
-38062 66568
-132034 20412
-71094 96212
-38498 28580
-158582 24516
-108442 4790
-6874 5986
-154582 59896
-140404 56088
-88700 16064
-150950 14006
-37526 -16458
-98794 -26896
-104696 -13274
-110276 10510
-54718 55772
-141048 35764
-48146 60266
-143090 59148
-109362 45412
-93314 70334
-68932 25130
-101054 -22506
-125202 2826
-179296 58280
-27084 34456
-82518 53678
-80980 35588
-151652 73622
-96514 42030
-133706 -62640
-69920 109034
-87952 27556
-142268 -48166
-104862 -36684
-39610 48000
-94316 5398
-53486 -11346
-125696 44778
-60214 -2592
-139510 17674
-35770 -15554
-31406 -11086
-137442 -7918
-154416 83306
-143370 7912
-130662 -21088
-170344 10686
-74294 67908
-119098 47064
-155112 67398
-109040 55574
-161808 -1580
-87802 89832
-128496 20012
-61264 49070
-82238 104914
-27468 -7948
-164458 35930
-4640 3804
-67046 14994
-127742 -44020
-44904 47496
-19166 -342
-22382 10220
-112494 -26174
-91516 30164
-93418 79166
-70740 28642
-84316 93848
-108250 25992
-57622 39838
-193526 66504
-144736 -26112
-86684 -5112
-67956 92274
-114854 99230
-49902 59362
-102162 109096
-87832 -20142
-201454 64644
-72616 75436
-69166 45002
-91386 19124
-152904 67424
-123716 -10848
-129442 62842
-68740 46332
-85890 77488
-14776 1918
-84668 -26288
-102156 33572
-107404 104176
-16844 27510
-118256 13066
-171056 33644
-63700 -6608
-115970 6468
-98114 27878
-183504 40564
-71296 38352
-119114 85930
-118106 75342
-163512 -6900
-133862 -49392
-100182 53470
-91292 -26366
-39818 65664
-104172 54748
-19218 4074
-69036 33962
-85520 -28948
-160374 -10838
-146700 -9352
-139442 -25608
-132080 -50696
-172126 11990
-128268 75664
-50182 8126
-71286 75010
-145214 -23026
-53118 69924
-128438 -59928
-143064 56940
-112988 15778
-15176 -1620
-102862 -18994
-58770 24808
-66756 102888
-128050 94658
-112090 89546
-137800 -52530
-132294 42492
-84050 -3756
-50172 44784
-16366 24424
-76834 21062
-85422 37744
-106100 105958
-117592 106706
-68090 -8868
-98020 -17612
-189962 63896
-154010 11320
-122204 -26730
-127312 69492
-152690 -25764
-150862 44040
-32622 17166
-96254 19950
-100520 82174
-67430 -27410
-61918 -7912
-52790 4562
-129192 4104
-63244 104696
-121840 -57642
-82804 77966
-165076 13398
-147802 46726
-89444 116754
-169664 65460
-90062 94222
-126272 -18828
-186476 67912
-35724 55554
-93496 85790
-90612 28408
-75738 40508
-96442 110930
-118324 56348
-113960 60816
-78356 286
-60116 64100
-81728 24096
-66844 72854
-42748 51938
-68756 85198
-160582 6826
-120308 -208
-125868 96892
-146368 37468
-113928 -16916
-175872 30054
-170552 28350
-64200 110868
-95350 18194
-118048 -4598
-105206 67544
-112698 103672
-176168 17684
-126772 98648
-115950 79784
-11342 10350
-112864 80262
-94586 -9180
-152498 -4562
-65108 442
-73032 110764
-94270 76506
-68308 -27862
-144810 92694
-94286 115372
-80086 -2826
-35812 25520
-112318 33894
-166370 48274
-118272 51932
-134688 -54260
-120646 28496
-133504 -4780
-141614 8816
-105118 97578
-97308 -40570
-130850 69892
-131780 73856
-71098 -15970
-48032 88092
-104234 22506
-93152 -18438
-120070 92102
-61654 82190
-73322 22870
-119908 3330
-103414 102898
-27432 26502
-126782 61990
-101746 73768
-38358 54198
-104452 3512
-39428 32544
-101964 54774
-124496 55392
-68776 11882
-52354 42550
-108796 72360
-100088 7980
-22216 33630
-159896 -13924
-87454 97786
-87386 54504
-118230 10858
-174932 62748
-97688 29208
-108598 18038
-174132 69824
-91536 -43152
-64942 23852
-85136 13456
-82212 102706
-150960 -22652
-73566 6084
-92124 44290
-55138 -21082
-132518 99022
-44410 5544
-119706 61190
-102640 112182
-198820 66000
-59732 106504
-142596 17196
-128516 -53304
-149662 54654
-84446 104888
-39298 21504
-30752 45896
-100302 101168
-99652 45968
-34014 -14650
-57674 44254
-95256 -27296
-118386 24106
-103974 426
-154950 -21374
-74996 127524
-57664 80912
-159434 21856
-177950 18988
-132398 51324
-84554 1538
-12776 19608
-81012 113320
-108578 91354
-136252 -33962
-149178 -23956
-157372 71788
-72226 42316
-138814 33582
-49174 -2462
-131514 -23748
-39360 -10738
-150420 6504
-169586 58836
-144446 61782
-120662 67362
-119014 -35084
-135084 54384
-106556 -5346
-93896 82252
-55642 -15788
-140798 -22974
-54900 71228
-62188 -22490
-29562 19852
-92088 78740
-75608 29468
-166806 10286
-126958 1922
-34534 29510
-149600 86896
-171742 54394
-133296 -22444
-175654 49048
-129270 10728
-74928 84242
-120652 104020
-54422 68142
-138528 9294
-43132 9534
-104036 -31816
-103492 109522
-167388 22204
-112842 -34128
-39776 24590
-70730 65300
-61196 5788
-163580 36382
-62906 75992
-138668 -16324
-142004 41936
-118376 60764
-55720 -9164
-85224 -16578
-87500 26678
-143334 42362
-179514 39286
-43382 68272
-97994 -19820
-162156 -9534
-73878 32580
-103632 83904
-98420 -21150
-78346 36944
-90670 108348
-122542 1974
-90420 49610
-18974 20860
-176366 72006
-49528 65108
-88560 41682
-52188 65960
-146036 84288
-20174 10246
-147692 -37630
-102562 105558
-121192 74864
-95906 27904
-61456 27868
-175306 57002
-61950 69820
-59970 14194
-161938 9460
-55258 26616
-53414 57554
-98728 117528
-179218 51656
-144290 48534
-41652 71384
-66584 50774
-125722 46986
-134756 -10978
-74424 78948
-145744 -15524
-167658 7626
-81168 126568
-58438 71628
-113368 85556
-134070 -31728
-78570 93474
-134648 92372
-156940 -2406
-60516 60562
-146222 -12438
-103190 46368
-81968 119492
-68018 60032
-106458 61346
-48644 -9964
-125712 83644
-74414 115606
-137770 57444
-69972 113450
-51980 48296
-163632 40798
-59742 69846
-27484 30918
-118584 78428
-100618 15482
-114168 78480
-182356 55594
-121352 -24070
-135578 96336
-46166 4640
-112552 53766
-127966 12510
-118334 19690
-48172 62474
-97734 -41900
-64220 37552
-159278 8608
-36576 52894
-186746 53334
-174786 12842
-85698 98690
-169508 52212
-104836 -38892
-135338 940
-168910 1428
-61700 11082
-91422 -15326
-140912 -50800
-55824 -332
-108790 -3164
-130476 75638
-160146 44814
-128372 84496
-76720 48888
-171950 72058
-64838 15020
-125348 52732
-55928 8500
-91204 3668
-80564 260
-26720 3544
-134128 48212
-157288 -10360
-25520 14158
-125426 59356
-63140 95864
-86456 50540
-100546 84382
-139676 -5736
-85376 108852
-61940 106478
-132762 82236
-96966 42908
-125442 98222
-117310 -29764
-163138 -1154
-81562 47506
-64900 -17222
-126896 34164
-138518 45952
-116022 10884
-79982 -11658
-147718 -35422
-121930 100030
-84150 117258
-88144 6354
-102478 23410
-65628 44602
-183608 49396
-77562 82886
-34066 -10234
-27146 2214
-88388 -10432
-56594 102566
-42426 62100
-146352 -1398
-12168 5482
-75110 99698
-114926 30330
-74268 65700
-98530 63206
-73036 -1418
-86326 39500
-20730 19956
-104748 -8858
-90654 69482
-143754 -34492
-81104 -28896
-89584 91136
-101480 -23836
-98618 33172
-86758 113694
-126324 -14412
-23468 27432
-27188 43288
-140820 91416
-97220 -10536
-113284 3408
-125342 -22792
-67894 124516
-91308 12500
-129524 -42716
-166692 38112
-80658 45750
-110614 39214
-93578 -19768
-107242 15404
-72766 13160
-139744 37546
-66438 868
-46182 43506
-68496 63118
-99522 34928
-116210 101864
-119232 -54078
-99580 114868
-108650 22454
-121742 9050
-91926 -10032
-60298 79556
-172734 26116
-38072 29910
-155766 10416
-155200 37364
-82710 32476
-152634 82002
-153444 38268
-145428 70162
-99808 59216
-48832 81016
-126204 -62110
-83162 33354
-113206 -3216
-72340 14490
-112578 55974
-126002 -4250
-107626 -27000
-120454 49698
-111554 6520
-94774 81800
-152732 15310
-112074 50680
-149890 -998
-67364 117014
-76662 -31052
-101714 -3964
-152742 -21348
-61784 93230
-131110 91972
-71950 -18630
-124376 7694
-77618 -24880
-71322 40560
-16454 -5610
-112490 86008
-38758 50660
-169092 16884
-48312 36856
-52120 22678
-61846 60988
-57700 46462
-93760 -4312
-134694 21264
-78974 -22246
-53964 -8260
-124434 87634
-46436 -9938
-191058 44450
-35734 18896
-67712 109060
-86694 -41770
-56126 62822
-102224 76854
-102576 -43282
-98426 54374
-144690 44996
-125140 35068
-48364 41272
-98680 930
-199194 60254
-108774 -42030
-62552 8422
-144378 18500
-64500 -13684
-155294 82854
-127894 81410
-123582 90294
-50058 72610
-173960 17710
-100010 1356
-146414 -33640
-67914 51200
-179930 74614
-136808 -24252
-117290 43552
-165622 59766
-113570 27696
-130154 85800
-101324 -37084
-62848 -3948
-81074 81078
-115898 75368
-119212 19238
-96182 88850
-99116 -37058
-171648 8904
-151054 22838
-180262 27794
-127270 28418
-139344 41084
-140030 61834
-114282 50654
-51466 79660
-62542 45080
-154000 47978
-108318 69274
-19244 6282
-141568 79924
-85776 105314
-93022 -29478
-108386 112556
-70590 90918
-145204 13632
-151392 51542
-48702 69976
-28824 -5314
-161554 51864
-96836 31868
-43054 2910
-148212 6530
-119586 13492
-78534 127924
-67264 -4000
-94878 90632
-116360 39588
-70652 58676
-149714 59070
-14080 17826
-122984 39510
-48972 55398
-163424 23134
-64096 102036
-72434 59980
-10786 640
-97958 14630
-134144 87078
-99694 87042
-72298 -26584
-151490 -15150
-58276 -17144
-76756 14438
-149932 40076
-143724 75482
-117284 -31972
-151064 -13820
-170900 20396
-112594 94840
-62282 23000
-154124 -16506
-158026 14806
-76278 11352
-144820 56036
-119206 -56286
-56282 76070
-44842 79738
-71894 89136
-90176 66396
-79334 120848
-163398 20926
-150270 68780
-73188 124012
-150462 47578
-90404 10744
-71458 127124
-111196 51132
-96374 67648
-49756 9456
-153350 -7222
-119612 15700
-92492 -36980
-62220 55242
-172360 31862
-162006 52742
-103050 71986
-62048 3128
-149074 -32788
-87536 -7772
-144456 25124
-98494 97656
-113160 67892
-124610 27566
-113508 59938
-67104 94934
-127244 26210
-82782 -36424
-69764 95786
-55534 87562
-162536 60244
-8178 4204
-77468 37396
-83298 119918
-95740 51314
-101050 89676
-165102 15606
-73894 71446
-74242 63492
-39506 39168
-62266 -15866
-96914 38492
-121924 24506
-107340 -51288
-150078 89982
-46026 30258
-33786 41002
-129898 -48462
-154982 56358
-125514 29322
-145506 76786
-135800 -34840
-137738 -20288
-132158 -44072
-150904 85114
-142524 86096
-170142 68546
-156686 51038
-136174 -40586
-66672 20740
-149194 14910
-120490 15248
-121066 -48358
-53632 38560
-116198 -49184
-106540 -44212
-164806 27976
-122158 44378
-96790 102976
-87272 82330
-82128 20558
-89152 16942
-44156 58988
-143484 -19914
-109626 -44690
-62874 -1740
-52182 -9564
-33412 46748
-60432 -21586
-154800 40902
-48348 2406
-99262 12848
-78736 70064
-138430 75986
-96094 118884
-115394 70074
-92446 34128
-40114 53294
-152602 4270
-74610 -17778
-63280 70246
-153678 58140
-73244 16246
-138014 40658
-47392 -3766
-158764 39972
-137364 -14542
-97298 -3912
-138694 -14116
-41916 -18718
-116718 -5024
-53762 49600
-130128 83592
-54256 91552
-74840 114276
-122718 -58094
-94716 1860
-94660 109626
-39932 37838
-166676 -754
-86980 -17482
-64766 83920
-105460 14100
-31188 7908
-137296 -57824
-60584 103844
-42862 24112
-67420 9248
-179348 62696
-29588 22060
-77318 99672
-80154 40456
-47070 6396
-125524 -7336
-156410 -9908
-144492 -9326
-133718 88408
-133374 -15820
-153844 34730
-68372 127602
-77244 -19134
-96202 15534
-127706 -9570
-147018 92668
-34472 61752
-138938 -30902
-143204 31322
-106162 73716
-181556 62670
-39968 3388
-115560 46664
-156094 75778
-81052 -33312
-65514 72428
-40322 70958
-95060 106088
-148082 -4510
-103470 -4868
-132668 36746
-162208 -5118
-93460 120240
-182548 34392
-74092 125768
-158878 12146
-158094 58088
-136258 41562
-134262 -52930
-142232 -13716
-76726 124412
-153532 8234
-80664 121274
-105772 40596
-145438 33504
-157102 86366
-51320 29754
-92852 106114
-38550 32996
-117632 -39926
-119218 94762
-106074 103750
-125612 -37370
-174480 61870
-58646 89292
-167326 54446
-145958 77664
-92576 45168
-91178 1460
-149864 -3206
-78990 16620
-65752 -19882
-65114 75966
-148524 33026
-81234 -17856
-116988 -19602
-105512 18516
-152036 31218
-38882 -13824
-85958 120770
-52276 35926
-186772 55542
-61836 97646
-154088 17944
-55492 46488
-106318 86964
-132730 4504
-121452 96944
-79322 -30200
-100410 -2182
-99620 -31764
-56334 80486
-118464 30730
-71706 -1844
-112182 -52670
-114110 -1460
-163170 76578
-141380 -11056
-43298 -13876
-105044 -21228
-128636 -5606
-94244 74298
-99398 99412
-137374 -51200
-81292 62084
-31604 43236
-152556 75378
-180704 65330
-137982 -37074
-66200 93178
-103938 34876
-50816 24460
-77572 46228
-145968 41006
-78850 42238
-133380 59704
-87276 -29852
-132896 -18906
-38316 13124
-52520 19140
-92732 58416
-138534 84818
-78830 115554
-79344 84190
-68034 98898
-85500 44368
-121384 53662
-12646 8568
-25146 19904
-27224 8838
-77374 -8094
-29718 33100
-106234 4816
-50738 17836
-92196 -24610
-97490 -25114
-72232 117840
-48234 30232
-57820 94160
-145614 -26564
-112874 43604
-96260 95474
-64848 -21638
-164520 3688
-34872 58214
-46520 72210
-125176 618
-117996 -9014
-35708 16688
-187094 45380
-22694 36716
-78730 -5460
-135874 83966
-35474 -3184
-51746 28424
-175540 76874
-137546 914
-38186 2084
-79692 76236
-131602 -53782
-105102 58712
-55086 -25498
-96758 25244
-72646 -34538
-48338 39064
-72756 49818
-148186 4322
-123752 -45298
-70304 66630
-71794 -31878
-118262 88590
-30196 36186
-98442 93240
-111898 110748
-48764 37734
-117986 27644
-89922 119840
-135640 64094
-88040 -2478
-126060 75690
-126694 92024
-131624 60608
-55876 4084
-131260 29696
-47138 49678
-154712 70936
-137432 28740
-59654 99880
-172994 48196
-135088 -57798
-70672 -14640
-113654 109844
-104888 -34476
-94914 56182
-99464 -45012
-120178 -11248
-174464 23004
-134132 -63970
-135244 -44550
-108156 -19498
-119332 66936
-70610 17602
-118942 33816
-116510 -22688
-55658 23078
-178210 41068
-142346 -41542
-58650 -22890
-103662 -26070
-77338 26356
-110598 348
-95860 99012
-108396 75898
-40462 45340
-74880 -32356
-102436 -17664
-142212 59600
-115882 36502
-154758 -172
-77754 61684
-172438 38486
-143354 -30954
-53778 88466
-62116 46410
-120854 46160
-174236 78656
-96960 -32616
-106514 -46420
-59368 75592
-131400 4078
-38384 56406
-131472 -64822
-76174 2520
-75888 -21768
-36934 8282
-77328 63014
-43984 6874
-140990 -44176
-12542 -264
-122028 33338
-123430 -35136
-186294 52456
-65130 114832
-131104 16448
-81878 -38180
-105886 12770
-80242 10422
-103408 27374
-123056 -29390
-83920 -14796
-120870 85026
-69452 69290
-159860 20526
-33848 8760
-94680 36310
-85276 -12162
-51196 94238
-178496 65356
-82674 66926
-84118 39526
-72076 104592
-163538 -4692
-53128 33266
-59046 85754
-79998 27208
-43896 36908
-194674 51474
-102732 -30034
-89392 112338
-174828 53916
-152966 35182
-122304 94284
-79578 104062
-156348 22334
-82160 98290
-140882 59174
-86560 59372
-129888 -11804
-104920 43256
-111394 105454
-47372 69550
-124990 97344
-181452 53838
-149100 -30580
-74080 -25280
-102084 102472
-17488 7186
-68168 -2244
-54146 7196
-135796 77342
-73296 20662
-185920 58202
-101928 89224
-137494 -3502
-150374 77612
-168682 57080
-106078 -8432
-59186 60136
-122672 13014
-86446 87198
-123524 10354
-162328 42580
-78970 89936
-28066 42836
-68132 32206
-128870 14266
-159086 29810
-163216 5470
-58230 53964
-64542 27390
-88004 31972
-102728 82148
-162738 2384
-85868 -36902
-34342 50712
-168516 80490
-101802 -33998
-158198 66920
-135370 78672
-95828 21280
-58084 4058
-79588 67404
-181618 30428
-55320 -5626
-110962 31260
-24990 6656
-79500 97438
-133712 12884
-108728 29078
-170272 79586
-62666 -19404
-129816 57096
-41142 -9434
-17036 6308
-126734 -54608
-122448 -43516
-144498 66198
-105892 88294
-41246 -602
-109378 84278
-33666 -6696
-131120 55314
-80258 49288
-98904 57460
-124054 17856
-159112 32018
-54848 66812
-93246 27052
-123758 30226
-94644 70760
-89028 81426
-150446 8712
-77624 50644
-93262 65918
-120588 -51444
-13394 -2924
-78326 110260
-28632 15888
-95590 113590
-83412 92092
-167534 72110
-109304 -34528
-126226 52280
-105746 38388
-180304 68868
-124834 84096
-184938 49822
-143246 72396
-157476 80620
-170526 26142
-72834 56442
-63826 116614
-51642 19592
-90134 25322
-72362 128880
-116780 -37266
-145516 40128
-42218 44436
-156462 -5492
-118936 -41708
-118718 -22714
-140720 -29598
-59326 34518
-158790 42180
-111912 -38092
-137500 72022
-68844 55164
-69478 71498
-183364 66182
-73930 36996
-41922 56806
-122096 76620
-56302 2754
-177218 69346
-56432 13794
-138356 -42820
-32108 48530
-100114 10188
-104930 6598
-179878 70198
-130938 39858
-52058 54920
-93194 22636
-129150 -36970
-77868 33858
-70980 124038
-63108 18132
-132200 -2998
-127416 78324
-38586 -1454
-81868 -1522
-147848 -24382
-85230 58946
-59082 51304
-96976 6250
-92322 98612
-196134 62940
-116236 104072
-103118 115268
-133842 23924
-147578 -9804
-125208 78350
-31734 54276
-81530 -30226
-97268 106062
-146570 -20392
-83178 72220
-103766 -17238
-33734 36586
-149548 82480
-126054 166
-124512 94258
-165778 73014
-90674 -3834
-97278 69404
-155444 20578
-162432 51412
-129738 50472
-140310 10598
-166988 25742
-33822 6552
-20974 3170
-71628 -8468
-111690 93084
-147048 -17306
-69124 3928
-17992 12480
-85598 -22324
-127872 -32980
-87002 96908
-72418 21114
-135208 -10100
-17810 -2976
-136356 -25130
-22112 24798
-129712 48264
-125534 -43994
-180444 43250
-80164 3798
-160162 83680
-142570 14988
-118380 -51418
-45444 18340
-133962 71622
-39314 60370
-33100 20252
-166578 65938
-57690 83120
-23738 12854
-30944 24694
-87396 17846
-157158 -21400
-93548 90206
-152670 47552
-114054 106306
-154530 55480
-157964 47048
-101382 42856
-114396 22828
-135448 85296
-28918 40176
-95334 -20672
-145058 -36274
-97408 80444
-68766 48540
-73510 113850
-43636 14828
-86082 56286
-125784 14744
-132076 61486
-177540 59184
-115346 -46524
-118770 -18298
-105392 -29182
-153994 -27546
-116246 67414
-183956 41442
-117196 -1938
-45772 83702
-169456 47796
-176906 42850
-148192 79846
-60630 32736
-52452 -24142
-110904 -48680
-183078 41894
-78804 113346
-162614 66868
-151246 1636
-35698 53346
-116120 -55808
-87106 105740
-44182 61196
-65826 98924
-107284 56478
-71068 94004
-135978 92798
-24076 41558
-168526 43832
-175768 21222
-30648 37064
-35438 31266
-95246 9362
-108074 86060
-188284 71424
-65862 64474
-128864 -61258
-113664 73186
-96774 64110
-58624 -25098
-77214 90840
-127790 72578
-151522 62582
-61560 36700
-110552 71456
-87932 100872
-70990 87380
-83910 21862
-81500 79748
-128802 -29016
-140534 67128
-153974 45770
-171124 76926
-79468 19706
-116702 -43890
-70180 131114
-78938 12204
-89750 67726
-47236 -17014
-94472 18646
-30102 -9304
-119742 26740
-51970 84954
-11290 5934
-108962 48950
-116146 -53600
-63680 66708
-77074 116458
-121036 61616
-138352 69362
-134720 23472
-63394 42420
-140642 -36222
-53460 -13554
-30622 34856
-46078 34674
-168796 29254
-108760 106810
-147308 4774
-84726 53652
-106188 75924
-65664 10152
-105470 -22558
-37350 43610
-121264 5964
-190762 56820
-28544 45922
-94534 -13596
-68226 77696
-96416 108722
-47278 24060
-165632 23108
-178958 29576
-85884 1964
-114276 -24870
-100394 -41048
-155844 17040
-77188 88632
-25764 -2628
-112994 91302
-63430 7970
-33796 4344
-89288 103506
-60962 -14084
-91194 40326
-150306 34330
-50894 31084
-112796 36980
-130642 52228
-45080 -12572
-161362 73066
-80892 65622
-73354 100602
-44774 36456
-79878 -20490
-185686 38330
-43906 250
-84622 44820
-94742 4068
-28336 28258
-102540 -8832
-191796 69616
-78792 -37702
-112614 21524
-125670 42570
-57612 76496
-23172 39802
-119944 -31120
-73136 119596
-107814 63980
-105824 45012
-157470 5096
-91718 -27696
-52842 8978
-146134 17596
-126890 -41360
-73702 92648
-170744 7148
-66578 -24750
-42566 36482
-47636 -20552
-119462 77976
-133572 38502
-147958 59974
-99132 1808
-193874 58550
-96312 99890
-53752 86258
-36706 63934
-68964 102862
-175524 38008
-132128 65902
-45434 54998
-62184 89692
-105144 99786
-118028 68718
-77452 -1470
-18044 16896
-122142 5512
-97942 -24236
-54734 94638
-122506 36424
-119414 -38622
-99600 41552
-160432 69102
-109808 -29234
-110338 -21732
-153860 73596
-145682 16718
-174802 51708
-143666 -4458
-32664 58240
-10760 -1568
-131536 90642
-128698 -37848
-59492 11108
-81838 108452
-56578 63700
-68038 -13284
-151142 -7196
-80778 93448
-80216 8214
-84544 38196
-48478 13446
-123810 34642
-151714 41380
-137354 22116
-50104 1502
-182974 33062
-56318 41620
-166256 76100
-107226 -23462
-84876 -8624
-175550 40216
-138154 15040
-88050 -39136
-195630 57646
-136856 92346
-147506 59096
-49392 -21456
-187302 63044
-140684 4852
-53700 81842
-108244 -49532
-89246 62432
-145838 29966
-73858 105896
-132554 64572
-58552 43802
-157590 52794
-126070 39032
-107996 79436
-172968 45988
-109456 90902
-80034 -7242
-35012 32596
-31084 -924
-60900 18158
-33022 13628
-148950 31696
-93158 57086
-58204 51756
-129426 23976
-175202 48170
-71576 -12884
-175976 38886
-58282 58380
-33640 -8904
-149646 15788
-168812 68120
-122210 48794
-115342 65658
-139972 -18106
-119118 -26252
-127286 67284
-47928 79260
-48374 4614
-50224 49200
-54640 49148
-147168 30392
-130028 -37422
-113154 -7632
-49948 -11746
-27572 884
-25998 17244
-87806 -22350
-79640 71820
-117914 96544
-20330 23494
-93952 -25514
-125212 -33832
-31692 13202
-137874 66276
-49922 -13954
-55980 12916
-174942 26090
-64246 39760
-127228 -12656
-129858 98170
-40706 28554
-133988 73830
-113746 -32372
-72262 7866
-66600 89640
-124360 -31172
-170968 63678
-171082 35852
-128594 -46680
-132356 10250
-129280 -25930
-169934 50882
-54832 27946
-105658 68422
-136122 -45002
-138128 12832
-158946 55428
-92472 36336
-16740 18678
-57342 91074
-71338 79426
-43522 42654
-40976 13976
-65950 34440
-98676 113112
-14132 22242
-125820 -19706
-192866 47962
-91666 -32112
-139256 71118
-125540 31530
-72980 106348
-65654 46810
-154920 88600
-59050 -26428
-143650 -43324
-65332 56972
-99864 -48550
-71872 -25254
-102426 18994
-134424 35842
-76544 108956
-57092 32336
-110920 -9814
-87874 20932
-188824 42268
-116214 -10318
-31510 -2254
-44732 -4618
-68906 22922
-130792 -10048
-54250 16028
-45974 25842
-119722 100056
-192570 60332
-190232 49318
-50000 -7330
-144700 8338
-45028 -16988
-65976 36648
-21738 30544
-140824 -20766
-97886 83530
-88232 -23680
-172682 21700
-102774 11040
-103668 49454
-166006 17362
-76206 80252
-18444 13358
-81900 76210
-102858 93188
-106874 96674
-101574 21654
-116350 76246
-182408 60010
-164084 41676
-71930 54686
-57902 -11398
-33318 1258
-46914 -6852
-75936 94830
-100842 72012
-99402 -12770
-149350 28158
-82882 84590
-140694 -31806
-112520 -23966
-75120 63040
-99678 48176
-123648 -54130
-37578 -12042
-182512 68842
-90394 47402
-69624 121404
-16480 -3402
-123566 51428
-130896 -1216
-101076 91884
-159606 73970
-43376 -7252
-189988 66104
-68694 117440
-76356 17976
-148628 41858
-104530 10136
-133910 67206
-58038 75166
-43236 18366
-33604 25546
-111596 47594
-137832 25202
-66538 121882
-99168 -32642
-160094 40398
-126386 -46654
-69582 80330
-90258 -39162
-153714 23690
-86410 121648
-143906 90938
-11394 14766
-125296 48316
-66360 -5756
-160468 34652
-111040 37884
-163674 81872
-73748 21540
-88596 7232
-74918 120900
-128912 55340
-70142 -22142
-45792 10386
-41828 11316
-109756 -33650
-147610 67928
-29406 6604
-106930 -11092
-127140 17378
-181296 40590
-60406 -23794
-14958 17374
-156904 32044
-112448 44934
-71020 -22594
-151028 20630
-134014 76038
-165736 31940
-97682 -46316
-65036 69342
-38410 58614
-64412 16350
-37630 -7626
-113554 -11170
-108042 8328
-128236 -2068
-167804 57532
-114318 16204
-73956 39204
-142716 64894
-35646 48930
-52016 13846
-64744 -30470
-168282 60618
-113258 1200
-57420 97698
-179270 56072
-58848 31432
-137774 -54738
-74314 -5408
-142658 -15046
-150036 48908
-29910 11898
-89932 83182
-39366 64786
-185094 63070
-70434 77670
-115176 89068
-126034 73482
-16532 1014
-145558 81202
-64630 -2644
-179618 48118
-132486 21290
-152436 27680
-101620 -49454
-82648 64718
-122744 -55886
-26658 35786
-162136 63782
-41948 59014
-103398 64032
-125280 9450
-120106 57652
-135078 -21140
-47678 20522
-147584 65720
-100670 19898
-136206 37146
-63202 63622
-55814 36326
-100192 16812
-89106 88050
-108432 41448
-132606 68988
-29702 -5766
-165830 77430
-110422 60416
-133244 -26860
-61118 -836
-151896 56836
-54526 76974
-86030 51870
-127550 -22818
-110006 25088
-107470 -40248
-60448 17280
-181260 75040
-159948 -9508
-83442 -17882
-47554 85006
-107050 36606
-67176 26034
-34030 24216
-124942 -19254
-98062 23462
-92166 85364
-122558 40840
-120626 101812
-73670 14916
-155932 -12994
-44826 40872
-36004 4318
-51840 73914
-106156 -1808
-123664 -15264
-141298 94502
-129800 18230
-112012 82922
-90544 -14874
-121544 -45272
-159658 78386
-83360 87676
-96270 58816
-113362 10032
-141682 52098
-58292 21722
-160136 81472
-99184 6224
-72694 82060
-123030 -31598
-179758 22500
-87236 116780
-26746 5752
-54712 -19752
-65882 -8842
-112256 66136
-109560 99734
-109564 -12448
-145734 21134
-141188 10146
-142824 -38456
-97324 -1704
-26798 10168
-83634 -39084
-135910 49516
-141796 24272
-73254 -20412
-108562 52488
-155096 28532
-172724 62774
-97890 -28652
-184964 52030
-51824 35048
-101236 -7050
-180210 23378
-135604 98544
-152098 -1024
-133946 32756
-133280 -61310
-42156 76678
-95262 48228
-57892 25260
-84248 50566
-60038 57476
-49008 20948
-157538 48378
-30892 20278
-162380 46996
-171638 45562
-73088 2998
-166754 5870
-80248 85946
-83266 42186
-69068 111694
-45964 62500
-150228 27706
-66782 105096
-123348 70422
-134616 14640
-119062 81514
-148160 2114
-111408 -43386
-139360 79950
-44576 -17866
-171274 14650
-129384 -17098
-134066 80454
-99938 70256
-73400 29494
-112266 29478
-90908 16038
-133344 94154
-103496 -2660
-74678 25504
-112712 -45168
-98150 -6572
-102914 -14578
-104848 112156
-52078 -18396
-89428 77888
-92784 62832
-195230 61184
-61992 110894
-130782 26610
-147318 -31884
-40768 -3688
-126298 -16620
-92934 556
-164526 79212
-172672 58358
-96030 -36580
-97366 39370
-104042 43708
-134538 8016
-118080 73134
-45008 56328
-116142 58582
-81390 -4608
-109964 -15986
-129956 31478
-87962 -9102
-147116 25976
-85536 9918
-112084 14022
-59222 25686
-146794 36138
-95756 90180
-176802 34018
-156244 13502
-25302 33152
-178028 25612
-73836 -8494
-113882 54192
-76798 55512
-191588 51952
-32326 29536
-141510 -16
-76216 43594
-113996 26366
-139712 -40186
-117524 63424
-89844 113216
-136830 90138
-79930 -16074
-75104 24174
-61856 24330
-66522 83016
-132912 19960
-92244 91988
-122838 -10396
-30378 51642
-122952 -38222
-39864 -5444
-19078 29692
-79598 30746
-132736 80028
-142362 -2676
-92918 -38310
-90602 65066
-62496 116188
-97896 46872
-78678 -9876
-183878 34818
-56266 37204
-59830 39812
-103460 31790
-111316 98830
-125790 90268
-120952 -20532
-140944 26932
-136964 -11004
-154670 29862
-72954 104140
-175514 74666
-139116 96736
-50702 52286
-139988 20760
-80960 108904
-24912 32
-80788 56790
-168718 22630
-65244 87006
-132652 -2120
-92950 39422
-119736 -48784
-134860 -2146
-65280 52556
-9560 9046
-75800 8266
-166422 52690
-87676 -33390
-84362 22740
-155818 14832
-116308 35172
-138674 59200
-77068 40934
-55190 -16666
-166152 67268
-67820 5710
-59248 27894
-137162 43318
-142586 53854
-109954 20672
-140746 -27390
-139178 64494
-83780 10822
-172464 40694
-52982 -16640
-159226 4192
-127712 65954
-131442 45152
-134252 -16272
-130200 14692
-51170 92030
-100878 37562
-22912 17722
-73936 112520
-138586 89234
-141500 36642
-128340 6764
-115254 95692
-39568 6926
-64028 58754
-51684 60666
-100306 -11014
-69098 1720
-104306 -46394
-72990 69690
-122652 86330
-164770 62426
-84456 68230
-59232 -10972
-116884 -28434
-124500 -56790
-74824 75410
-101704 32694
-144654 79446
-192518 55916
-109190 -6702
-66044 79930
-157382 35130
-62318 -11450
-91282 10292
-133478 -6988
-184320 72354
-80226 -28444
-183286 59558
-79946 22792
-172854 73814
-175436 68042
-79172 32076
-157636 -18314
-129124 -39178
-164432 33722
-187572 48466
-72876 97516
-115550 83322
-148404 -14672
-182148 37930
-69862 29094
-85282 63362
-70766 30850
-114120 -38118
-139692 33130
-101216 66266
-194274 55012
-179436 32662
-92840 -44934
-161268 27576
-97382 78236
-77006 73176
-142082 48560
-22886 15514
-84534 74854
-22138 27006
-149792 65694
-152426 64338
-100250 96752
-127498 -27234
-104136 89198
-87828 92040
-85074 45698
-120776 39536
-90118 -13544
-87672 78792
-62074 5336
-174054 63200
-83406 16568
-102042 61398
-107330 -14630
-130672 -57746
-140216 -34892
-139422 47708
-157018 4218
-147210 71466
-64148 106452
-128538 61086
-37272 36986
-21348 -2576
-121898 22298
-61020 65856
-91122 109226
-42904 65186
-89162 -19716
-70398 112120
-105538 20724
-163040 65538
-108692 63528
-87760 48758
-42384 21026
-166318 43858
-143890 52072
-74112 52452
-161336 70858
-97678 65866
-43434 72688
-185338 46284
-79084 62110
-48068 53642
-128750 -33432
-159928 63808
-171924 69850
-145074 2592
-92014 -40066
-83120 -7720
-95100 -40544
-62240 -18074
-72730 47610
-58900 35848
-99382 60546
-114266 11788
-122148 81036
-146934 10520
-24008 -1724
-78886 7788
-123748 66884
-114848 23706
-139396 45500
-121804 -23192
