-247940590 -800864001 -376339814 357558744
1000
-381895428 -268441834
587795571 401546767
-233436735 -505362442
-769956233 -716358227
-35039180 789288175
886928299 -255208074
695681326 548764540
-435121059 -552564037
605862324 -706572950
-80805696 -171753153
-589436010 -269238096
110878492 781059697
-250963619 -905767889
-437671112 -629692783
441306325 -589826072
795561379 -116420042
866663368 378124121
-96334589 -645831709
376022389 -845105085
157516200 91633897
-300495095 -731284278
-347030748 -580325238
640123853 537124006
-357703119 584538955
-828503297 732510498
-596981395 -862283874
-669005921 679089889
-827423504 968762840
-935601831 786369728
433387308 -89564343
-365132101 -462950350
-315415725 829892618
325687959 373589126
475042768 -731146656
-442110538 -71291958
-451231295 471153566
-637069523 -192246228
-837031076 943083663
-543416172 -819911456
715186123 940343290
526676201 298153130
213110964 -589767151
352661230 -449866211
-807546473 -712666476
293075532 333442250
201432806 -165079329
899495084 718168207
-940660850 27460594
924975269 -104449212
964884501 -299064752
-833932012 -611527038
-823645419 58240595
374406255 -448918499
-546888431 205829745
930102072 851880190
-524206082 590695799
430129134 517923508
961615730 192035720
432736710 -769296947
325590852 353821020
717556049 -23938055
882726178 -417114853
64796880 654000103
59905167 -164782065
-834029298 -390091109
-841818598 -76715143
-722872897 -397524508
-744321152 -637253709
578811228 831821149
315215548 859704990
724709285 -699002867
253761767 335215192
369589911 307638864
-295160931 -331348058
856379529 90975253
-46243108 155330832
-277978326 836302518
-5072539 291117258
124513734 754072958
678483480 652782610
-350156978 598845740
37567534 -518501522
256483658 -317382360
145037988 659518168
-882218294 828051739
54400343 44286035
520114458 -918648709
-128820285 905529797
-600122052 -481960410
-715132135 -262774205
266903863 -836856706
585424802 -441849506
-917204579 -885368292
-944621906 645563767
741546576 -551189015
992303239 591032632
372864558 -840687498
644723281 -56763882
-587523215 -794853079
-52852278 -605611325
-66846443 -828167545
777815594 483552110
115560476 586490439
68647880 -586971462
219483420 382171293
571730095 795714035
-350318809 -932152788
762260463 234507900
349302030 -815202432
3902 343980258
-508112043 860562684
-720130696 -696679706
158508920 848632980
418119367 -958897850
319875050 -448093771
897376603 -676502426
830651041 -438170443
322169266 598809216
564585888 864049115
-614867359 115617526
62668009 282236989
441964029 151439804
693676234 497419396
-467725119 967512411
-579685805 -126516698
-577888201 -588736609
582293302 -404881736
702572248 93673273
-187817667 441575221
891787250 -78812194
987831595 981046984
-351994355 -393889911
-587929772 72976950
332767131 858432455
889115430 -691062252
270763108 249315226
-296644577 975671979
467544859 280730477
133732845 -609722452
532688403 401229849
-788675181 980943863
-895698713 -495302014
182955767 -740974758
748397103 -406247681
-8120561 724943674
176607727 -929754506
-946126087 -91923760
-579931755 871319947
546755576 201879130
969499312 -488549984
-657011160 157784179
642851641 -585916137
-694730381 -359421015
163891728 864702704
78607978 603923994
691650594 -214759709
-433699848 -943214491
-542466532 -99494290
220464513 -462503626
-10407467 2109577
755750875 -354703591
953560513 369678214
-677173739 50476501
-367288953 643331557
-27327187 918876405
-968706651 -433723496
-458135757 -788792013
382659727 73979257
998793259 634865755
-622280340 -21928835
-884596431 -695541597
412520041 785397183
-35944271 902270260
995535983 235582155
495618308 746122673
-989557285 6282834
-422794120 -480129401
999838957 484518057
86465951 -832367731
813870159 396617340
-905250412 286164258
314923715 -897586642
-357506844 903948
-872561386 -934812513
-667370374 -634061296
-919408813 -913651331
-139686809 792206503
-17869525 456155487
-780883007 -567222439
-115709813 952445562
130041882 141975025
-556348250 165892247
-310663501 -405142757
529701958 651418969
441090954 -608634954
261078013 789676813
-356621816 -342066317
-270942235 467485451
-539436437 -517174304
39034505 -165836054
457260503 269905023
403536931 590473245
-223533288 -11250789
-103746960 396196277
563530859 -354461967
-770664290 901650721
905191149 -711142160
555024227 284678002
-9285229 -708229449
-519717946 26927740
-82945901 -675740492
-774078570 107933580
206016114 8382472
-811120526 759335580
-506640580 -517498189
111138779 515564162
986980922 94935965
589699653 799251892
-511490835 -186176725
484304075 -404912997
309510277 -597007745
-488159931 682170023
-682007652 -668331510
-313004671 -167405725
540551287 -180817677
945001152 452642230
-770076430 765358760
-156869223 -240926464
558354201 -687504081
-769649330 -604798807
874661420 -874863382
-559427659 -931124306
387146117 258644994
-144386405 -160196165
198550846 64032936
84635166 310806410
769703414 -147982816
-4801734 -415660011
-384090099 -279906840
-132209269 -938538776
918977994 622913299
-667185934 -166128582
39512343 -618836694
-461504922 -417927447
277303054 651141172
-954488573 542667109
-105817760 -484458277
47011902 -145403069
627257334 315199750
-10864035 138520874
346029167 427903780
106014618 650539303
-898626854 -623283886
714241733 -29946317
-3755216 540683143
662659042 -206042511
307119713 -80747008
-529907638 -818122599
352642749 595797124
748856204 -937982583
662131090 -945278125
-8260197 105092896
764539531 -849901736
443231385 -682596794
-983495337 310274135
255312978 -384460595
433042108 534119129
-960997436 665734749
699873986 -815229583
-998092682 -924184993
473131431 -881078868
-728123661 -568037491
-185037802 -17723318
-841930962 526713432
-224067503 103942842
-661356037 613461249
757948327 -342574459
689700662 -152126979
174054659 210328220
-624051143 801848561
393592786 -201722526
679193469 766923955
323023528 33619629
-104024081 -177998488
-743484500 110721565
-139215915 570497776
626348671 811947804
509919340 601036423
813513172 992494957
279668719 -349905109
781538221 345205199
125999836 -573945165
345962697 -696302094
-504868246 227241487
49876958 161819097
-533412253 892443252
-609602911 748318635
854974503 -964128868
326712081 436101190
586597902 -502834435
-94553919 333968803
-954240293 -470274881
70276736 -456255075
-96396994 -95512843
-888687758 3616975
-846549873 -292027471
295305634 -797131794
-756437818 8928810
-648121197 769327159
69654990 527137533
-591960179 476423969
-198597185 -171735043
-744748323 -579942594
206154089 -328545913
315412423 102780071
-366141481 -969193178
694284894 -505634308
-73405715 661107631
-686468354 426809066
-732138776 946495111
681225355 284079316
339499569 586067968
-821545558 -133019649
202327842 948688524
538110154 473113367
-954594737 207776747
-978994705 734327761
810699295 869723449
700184953 669165906
967223276 -751284138
-996545887 419779685
637324072 915313001
176725340 -214220614
-498469799 -497003833
-830971496 -275010272
-743920415 -620587797
544816073 -892330060
732256134 -316213955
-905881451 -981656082
570460307 -558089280
288653992 -722246900
-695990846 548860262
-960404245 881239497
384534600 -820867363
886347853 310057658
-973286015 -761119511
-427317514 -368707363
-288013059 437910116
-937079521 58458173
733408543 -647843315
212733560 483622405
-494041091 727720447
-665500850 -612561227
943794687 -616927259
648407485 523425893
761016769 857785221
-423874308 636335518
-50373079 -755886081
418586425 -921624154
-517112859 809446322
-246224857 712913887
-63479113 751582556
-782984562 -211564812
243617007 421351474
496990646 -743793789
463819895 -361801009
950217571 312452071
-716156701 830964723
-740119983 46010335
451251439 44934154
-916639815 -921288356
-872034437 -338884762
-835772053 874005295
-603383227 -792252921
-544787335 -156931624
954454118 -350493254
272462289 304041544
-525051294 -535755129
283781663 -766928783
65544702 14675517
-147672875 357887631
-187178654 603304407
-935002789 50249508
-667146309 266238200
-287433285 -728414474
-102791281 505941219
-569944647 -627880266
-437325536 -869538906
573211876 -636018083
864691117 -169048028
-679575731 200503746
-416662113 500085942
707602143 -499616087
-441389048 894630291
430480754 -8933220
-102301905 -36867327
-203641618 649194291
540205383 925826278
652489949 -979668359
-604181531 543430380
-93332479 98838136
-321662267 894335787
23901327 -905649422
27778492 -244937313
-790721599 -182890341
818609022 462370098
180728347 -751735636
-596686165 455248692
310539958 -159857347
174687771 739546092
-362421256 -320639199
33733659 -855211010
-254228521 461941668
-47983124 -905808470
106618431 -224628058
823713895 -409743803
-588809320 269967362
-257790098 -337027365
777977470 478878711
-329244953 -595747909
763006275 -467401785
-76150513 877290912
287617386 387366246
-591209904 438333229
-315709567 537511678
-625440511 727483100
-645819086 111978548
-532502871 -625046493
-306416262 742074754
-343841112 -70711989
-400033823 -962614182
-774048479 -971370588
559883855 90879452
139388777 435558967
748708496 -617913074
595584271 -775768931
782422397 517125584
-670925629 220264053
628231640 868906394
596202611 843368084
956985829 255288504
-976292434 -195063792
-547901438 104683321
315658978 635503013
-352854994 -377565219
903134164 837367969
-583262465 114487717
-476672356 -116236579
-12272230 -921342211
-250950181 -441730376
856141727 -131655233
-30219234 -718151526
-790867285 902328186
-901073645 968249995
-621567236 -407525173
921026954 856949
-777290240 -936196618
-512862478 486451874
-502334788 -644071736
-265614021 102036841
-526448629 646346062
-424320463 -607128716
-378722375 -890748745
-210224995 -772520965
-158333611 94417859
803036421 274551817
-259379250 -876405760
173697500 -63244090
131212453 -743252222
-358938256 355407556
319070592 936987385
-393181270 -32074037
-209741859 743936907
303335405 -577708853
-562379278 -686278121
346261058 285254500
-230036915 -507531179
402715779 -688891914
-340859970 -438704430
-88342220 935485930
610119324 -199623347
-509659857 86531069
-867475222 608306504
-106592991 -318900584
-283288770 -446962590
285765624 730020677
-897864037 -661318129
-737095751 -966347823
913654147 835972386
836556764 29010276
-794879436 -448888961
-207714625 584003202
-942215978 43166447
-84382720 113048233
-660845841 -294604238
-370216484 748802448
640282803 -928146975
726495943 -640087767
-390334735 50437232
124486457 351617944
-552444880 -233204299
291309127 767399626
-468473673 617769260
964060854 -43173355
90280349 -726898409
-9162631 -139039796
856626031 226939913
515416285 729207536
-610397514 -527357662
-561683646 -537959165
-330310988 -42219727
208990792 -547597188
213572925 -596607998
389972038 -927160007
-948497798 172381582
281794778 480135419
351957098 807578284
-719342741 552671854
-842509701 442599583
-981301403 734952922
148121932 121078734
-963097155 899816453
-660299331 -472810809
346645218 810020034
-420126977 -878942154
-202777168 -949667884
333584938 -361305425
359012768 483134736
274986533 953237843
663702528 -207377822
-829873062 865503688
543236453 -756091639
-538282092 -118311937
629259386 -305432946
22110693 678621932
-534053905 -90440346
440542059 442266
867343296 -751735706
51436940 -963692213
501632937 446515558
814646331 -158372987
244156788 701197211
508577699 -253997842
-488870153 296496328
-675529570 394873305
-687196935 -843182274
-617310739 -696424615
584244463 -516006988
-141579989 70895940
-810912611 488028475
925672154 -930599944
15006386 111508882
-874377185 150577628
382061988 -92278812
25036287 -37080197
309783922 43480932
424556846 238119170
591859092 80474946
-280515000 -762757319
910843480 -533092670
589484170 -686326093
-248077609 -642085452
-118178727 798016638
-626798786 -892349533
-710873428 -96751427
498160508 536582258
-972307485 -53553395
-864098668 -943347040
671641487 528481623
275252762 -447962701
-62572100 -146702569
215122302 400881432
905075605 -35401043
-334125428 105215543
-52432738 371569416
167540674 842276508
-570463479 -955193772
-706251648 965013279
-23594529 -805248594
-423937935 555114220
298941275 -221332090
-906753444 308916984
-615487320 -243828113
279934444 -943934375
-917398700 -865343911
342407170 230325854
767439538 607920944
994702738 666649299
-930256022 120937081
-345828797 -68328994
543917171 937677616
706060857 -21453931
-538282166 849002315
589725603 -563182808
-201388314 -184548235
-636408781 886521616
205199183 285504586
770851350 -643471530
-913353839 163927629
528227215 -45529937
-807392882 -808531131
896950225 -923758938
768746565 -779484457
909748443 -791440465
-454136321 -960898931
832435408 75994136
945242722 183371402
-71630398 -266812439
761099166 -412921066
118716927 -401620151
146506234 706950883
439406043 -965027636
99379288 770595341
-549910322 668493203
-277432325 387629709
-885451625 -373290782
-787768985 21488460
887012069 925812654
71701783 280055449
-387378478 -895306036
-281933841 449618687
146959972 522292257
166795225 215883650
788578399 537649718
950231041 -25633072
916257615 360602146
-89736453 210890012
943424912 134041274
-910401312 521647047
-407234266 53146096
646703844 520417971
917610694 114812794
-156537094 -416623064
-990840119 68293927
-347442201 -956494013
874397936 758539358
114498384 517059041
-199568660 837573704
-726827214 -111475581
-37501046 -383127202
500392876 773349252
-404771224 749935675
-317105783 -255169486
972758364 -871708537
-741335166 -297635697
-307596351 -835416570
153857546 872770407
-452952145 -805432988
221021507 -388306239
-219489949 -440232285
-117845992 -860109503
205506642 -282756814
610116447 895608777
-926069490 -546087682
930973583 -132403475
311313204 -158036653
464650243 -342291882
-77543546 303255720
-959315556 -786604937
460713284 589710087
379105694 455127944
676871844 575498052
135836728 -949091092
112105625 120415699
-173973998 -654096145
143916286 212668396
-391505212 -371217405
-871746188 -171537827
-922677085 -618560889
666460798 -981214770
-457830080 79662488
894772759 339720912
516006426 -571300882
585660624 132564718
-296011651 -52608585
-599842968 -973290972
-561590360 -192349331
860941089 318650459
893565204 -848614186
717183675 -533059153
-206221379 847348071
963955297 -170859122
-129565598 868962259
-297175918 844357929
-443911064 832638346
72486372 864205922
847857861 -624085180
795825431 -920028022
451666321 -627691894
-455074678 -481564637
822675293 904920004
680000644 -657378726
-289054730 778158127
419975286 -884198536
-410715037 -254587555
-346308613 2351582
597212273 619166483
76299653 36421995
763824079 785813928
-947360174 493131358
348328675 82092165
-477849118 -884942466
-588744608 -274600056
818087699 -207007956
-958991294 -899759727
-741514319 -548957767
53307853 506524877
133133848 184475272
903129668 -85808457
-508048607 353567180
98348536 493675967
14296726 299678805
-564379682 358102630
-172962258 444398945
268339741 744507813
-75675496 8077821
-563170855 -297523695
-456402891 -239820014
942614947 81732736
-711366162 -603778671
226658656 -16163974
284621817 -48929683
-726294499 -330747408
-869853619 -647952175
814376383 337148046
-534676928 801404649
360484729 776929978
-231059678 156647855
-26289750 894205705
-66319816 320770617
-587542899 -23537345
608381750 -42934234
138055866 474911722
-433180347 -582604775
-983866498 695756647
614415283 497101204
718535964 -934628280
738689510 626408298
157796487 -105913995
-151088970 -14143632
-340900953 -62577386
-374452876 200283135
-98581196 -516091531
383034760 951764333
126394605 -123798738
589518982 944147323
562844371 -958752959
880580768 258599605
-553324443 -62199262
-705945462 367441210
877889579 111127229
-606919010 172780152
808160725 -772236304
392070622 287431542
424406460 -1581513
-10776369 401725797
-695560486 84369770
-402783153 667215587
675260280 -458092945
-914902994 -5530595
176915864 279699050
742678377 81448090
948944274 -498942078
715821378 546540965
926368395 272266788
284678414 -175951569
-756164012 -144012857
-151504110 884298169
337196804 385515025
-481391116 212166078
-195058028 972103835
783604362 -268119550
760537174 -63741045
776606002 778468648
687548466 86151615
-475180002 -873471774
902840453 -499875888
86801528 -601016346
785342714 -752159867
-608133725 727431984
-258917469 -373644255
-197607928 507382327
368709685 293169091
316097431 939710374
201064362 -126450837
-295354737 960320273
-486405918 20973641
-712376075 870041883
-440579499 921063993
-848773417 50738826
-179244422 -919624156
-596864035 -124109023
895560652 86410628
226011946 985419567
-244116028 299306243
548936454 142939764
-393611433 -209180915
701788423 339037500
-854254870 -684050427
-147144426 191422988
-89351433 -518714928
605610682 -606290801
952623635 571414022
305433937 311080205
274148415 -734640396
128080667 12175920
482173068 609301065
915221136 973986584
-76209136 -980684167
790589886 461553664
122504495 -8978350
-2565867 817927135
148132779 -449114559
-447402775 626696009
893250093 848996618
-8829465 -133598025
238917919 251163453
106703786 846000615
215090312 92192735
296182466 428702379
125590247 4542938
-329273712 723133943
-711694365 -217246356
-225838302 952787427
-700973890 690282707
489533710 86930410
-541116297 905391790
185310249 -519626326
-619537269 99505419
521743199 988596433
951992345 -35271666
-22781636 327911111
457485467 95755391
318998530 -295333963
-605336851 -344067692
907789479 -929644650
6334206 513406702
616505616 885589207
-294972013 292047034
689704748 335262383
428740586 -693116356
937513779 -503292536
-464026604 -341560510
618942362 -783344449
609660905 939130172
939098290 -899695492
946551139 564482971
-910923314 355509906
891456588 505143142
-157811611 978529803
-30860110 83649509
927085441 886019203
-802818709 746952956
693166662 432052273
402047201 -611016659
-485236606 953074861
-365779556 -922559493
-420551467 122049456
-982666195 334798808
-333302935 -417387161
-701682045 527081916
-531955617 272515843
798254924 36292827
506839680 200533323
-234302846 296265125
387248523 808620094
622133667 910322267
496192595 718982691
615418180 208904697
-408085449 -134427240
167604103 -106223201
802553237 136614299
-863595223 -50024925
-982797963 -31790565
663899430 -745428196
-134864409 -177116173
217031606 625685081
117206635 -286846241
-674272195 -347558627
854532642 -760342637
-643356893 -832177999
359518825 800674270
-244302013 920212181
-404643669 -977609227
-37898954 -314496783
-280600317 887633237
-599736883 -15245871
-815478339 -398253917
427687893 -241075280
-694452543 -350151828
-325477078 461935025
-537113824 -187329322
-518085775 -841341419
-261558491 -52676736
755664492 -312656998
726980701 281746319
-14400523 -226974022
-230181351 -860524544
714349147 -452327504
-537609875 -997766329
-101972436 552002292
717891441 -909311341
-197068253 -715841182
-43010837 -914758449
736717952 698638926
881271862 -604462489
-861150037 -331077656
-689123135 431433152
-159182495 205544862
2261425 777295058
-599768935 556233556
-316944476 -949630985
399570144 311399056
-918531086 758828452
305605422 -742060902
374331978 72203474
43057452 726422180
-383480331 -723447351
731560454 16013777
-144287258 -403684363
-240777175 690006952
-850295061 756245396
-788716109 864181050
458443249 359161081
-786272659 981858340
814512924 568907752
391601616 -82104315
-969753464 323100951
491569689 831072420
847974982 138767386
199133665 229657921
740538073 653556020
182535815 887052301
642100647 -342965791
-581347539 -666160535
-631256712 775211073
-22507952 -937925643
-337342506 686980229
763246897 407365150
394576594 853053444
155190259 -524525922
-982127910 61254711
-183813880 -51001306
202312782 -690297738
400244868 637789925
-248750088 -370626020
481375550 -383245746
-706801983 526180402
-443154463 -365872556
101049526 652337440
871570499 -641802326
-469264873 -766941430
-868045216 706095483
707826812 -733715977
-684692481 197329278
197740895 -725558169
-893668274 -352334925
-522995580 672482004
227553387 804476551
750582090 -319689117
793485158 -829142152
539283029 106925738
-55992954 -697215016
-204079462 35489741
-918671800 -712612145
824558672 706343093
758286245 -723109917
924799056 -802704015
134514559 63344591
577952471 436483245
681114134 154276903
830079012 815408106
898318419 -180591474
814702967 201961184
-438569900 -353161743
-378565725 -28726105
-790515821 8910421
38329467 38636298
603286488 -202953461
-180397432 352182160
714018064 356686292
587833116 976266179
958577116 -425858407
-734176033 -675629503
-723178566 -422208985
-126699036 -396183796
-993033740 292357457
-32744017 -38403307
-803570393 814469488
983701925 -475281544
201901752 -264599780
741015129 233728013
-533846730 479214879
473353036 -875673413
-253886205 648109436
853411206 -285368147
452039573 684510325
-386096337 699146741
749154637 993262352
-759317458 -273022050
