-860607584 287988902 985877137 -539351386
1000
-764670345 -345617894
-814799418 382102043
-562999929 -588840592
-310568036 347625023
965238554 -434359700
-461802311 989074714
94823520 320962307
223908392 -512878157
614738982 917258490
-786355607 794417097
924310995 -659702530
467776168 981730793
344663421 -562515781
-333257496 432428234
595696078 489964049
-25873086 813212570
44669025 17191904
287925310 890390305
-574315247 663556733
95116947 -23799864
-311414526 -765785760
667300649 -154822965
75589373 -947747742
438039200 -977594014
893681051 -598092286
828100450 660562669
829390397 286212165
708321604 -70713804
24099998 -353610167
-776533103 -638243101
371323569 840516339
145614607 513268329
13727358 770549056
668767056 869900357
778884625 -703581419
793893340 468884854
-554477390 -443943346
-530427723 83250041
801451073 -175522808
-746692377 -605587815
72685850 -451619096
360687934 607902236
-592183831 615818577
913001400 228540257
-801289724 549083537
-622722875 -394989008
374126392 972952448
-947009064 -601747013
332430883 -166868884
-31824534 162082982
892116285 793865296
-428446431 -538604845
105646600 210189173
-600441127 392428933
-714841620 -158766315
129228744 334341301
-266937311 -290234894
-525696591 558208468
-347886669 725381141
-697284991 -54557672
527024357 -943927621
-144582413 -903990102
-610554724 441728477
-840020772 262871228
845508641 5493310
454962065 -460444372
498067953 244459451
-93690725 -439220187
-338991169 -102293571
-684047758 513157817
15628419 -498151674
230616248 803201910
251556223 -273062866
793875845 4744290
-9273137 -566955549
300326140 -978398238
-721236366 -993069892
123649770 -95750684
914960947 -977607819
615222349 753856727
-386674210 980894762
210908162 292098379
540495225 378411335
-30573652 480679842
-774037847 884371998
610953759 114309013
414837006 -617331983
232073939 219122640
640110795 -324008710
-901454697 -374890022
575663588 -327950631
548590058 956573734
66570995 -263587146
673695506 -888748590
943718427 183715794
-282538166 734823671
-939948711 -213125723
987398387 79926460
398031895 -717318365
782938894 998112358
223800388 -620095230
514490286 -364252858
616956177 800962576
83223882 229961420
453654653 -621185163
943719735 466301761
694377776 -433404711
-5003801 -483561137
451168734 684951513
-420035140 -625303857
-978354682 -921886485
377263526 532747203
-873695861 -119639935
-489167413 538209811
-682629949 39928427
-502532621 -371328587
854674778 130649463
-41940529 752191474
-918230369 -769003839
-195660502 467756448
-573785610 292615529
-743273029 -371526448
-338683472 539706019
200684627 -510460821
-528961611 -261242696
-888186934 -742552650
199543967 -575575587
-870906748 394277239
-114757140 -142941789
-531353918 586682895
629904221 -435537361
518281322 179851592
-195781270 -662685329
510929663 574480240
-493594712 433503607
-790646034 301708280
-41635182 -363953230
245051072 -968218166
383804993 -184984398
-21126541 -594443590
413680376 -871907076
-368979503 -432103555
920536554 -445435662
247821552 115079448
-253023191 685354523
-913672988 -287402143
-393884362 152427322
-490932176 902132833
499843377 801188382
787947244 -848585687
-182905146 -564186987
-48261685 -175307890
17650642 -638281227
923619792 -520931866
37628916 -13216802
-584351297 -632984600
-472657276 -356052890
480686461 -206112834
-22553429 -771008496
-422881593 -554981799
535901073 -881215937
330056640 -579509753
-735231123 -870240270
-230165784 230244272
254062504 -631867537
734366022 -688338122
-760590932 -729224857
-642229057 -331616674
762809637 -874857361
-869987898 498837856
679309431 706853666
911939152 646755672
949530188 477497476
-118982197 -61097145
661712310 205727789
-54462914 511295577
-254200026 627192208
-192681542 -604831392
-934091728 322008171
6344894 -949218981
-959883807 -561670472
-240061022 372771910
83440667 -113051395
957235267 -810289870
-177184860 130265173
895625484 318078286
-350523159 560644567
-989452011 426982344
-738047685 758705537
-695375370 810648075
-173530863 -339710150
975031640 -822432569
-478051078 -92338472
65238034 519170397
-627321962 314087603
804978608 -484376856
197964869 -543292073
148899709 602399175
-742191083 -596115604
126818813 970651755
534895210 -570352118
548059780 -11007721
486476791 -540200954
-633349961 -572039162
-676647298 -983148049
790373993 -805842465
-309758011 851168190
956126416 354716468
-392112848 686196822
-526740379 -821748709
-806891761 622611229
421446069 -954144876
511802455 644115195
419703720 741383399
850694889 -443382878
-990497203 -437214681
564323140 -554069788
-102718763 487961753
-123923529 688413025
751693484 350635925
529371331 -172287462
-786426978 -671895523
-139342636 272760369
719727682 377676096
-599384311 49008217
-266463094 -452782977
986297958 -949819496
464507731 318936506
-877176153 229351245
605660994 -820164411
319496651 184997365
-276062514 -826475165
606897383 -930330945
-566232425 938015443
-887524207 856266417
97569864 203695321
826879134 -173583885
925786714 -939710269
-388366986 -771794131
-116332005 255000218
281037349 -24821849
-476063234 70161997
277593912 577131731
-678301127 145576443
4036609 203863387
28799547 699736262
859966808 450234176
521426280 21976755
625357709 658389719
-604924582 183330102
-476273209 -847000443
-306529675 -554794062
-531491518 230649511
-220046923 -935128459
-529237780 -712408208
265034801 -568658799
332996057 -8271021
-13127418 -243379321
354194306 868438562
-895976435 -544791408
-4799982 130775337
-368225299 713025228
-253044726 988162619
878580709 -262042298
-268592407 337255184
619310670 -220543352
152863112 935323281
-296854735 417067756
-651197934 383972494
-331744908 -751455318
861101323 13479720
419202483 -450083956
-227083898 -111825944
926990748 -627722108
-517175548 938434797
-112492294 545222101
-685454039 480389178
-541743331 -712799168
836109793 925109519
-858633829 85471020
-323068419 871166971
-541126599 -540449049
-492273658 -143648581
-246509410 810094484
-480464133 322764948
266171195 306920886
-305555836 123778017
455595615 -67194008
-586422998 -780776592
-738207186 52622354
159153228 -624851182
-830192160 958823851
553881137 -373610167
-533233452 -581133581
-558396006 838877815
-49636009 273142601
-418077929 114607143
118907550 -935577615
889323241 199710151
462709955 656747421
-446332890 765312494
-916652745 541433962
-157363846 37411188
-247199432 207106009
948584754 -898843531
-885761264 105055170
24035557 342693125
941818867 -976759201
-701124060 -492828750
-339754335 -896724211
-354306047 -380219736
-572892181 2400296
-239337932 -369553946
20639536 -210565566
655097078 302513231
190340842 430950732
-518683153 -971711829
198586835 -556288541
83447444 -688511824
595672636 413099097
-841631319 33902797
858747753 -303660363
-771569450 -162718184
135203764 -211769150
978327253 431938244
753021058 327470222
741956308 573187804
-310806486 135709781
570013935 -983159893
-64545738 670619838
960306735 -339744343
218806725 -387362405
444402262 767588807
-593637739 -497711561
-107120950 -12451424
-93395518 294755692
685819529 485708823
503029823 -977977032
670348837 -847817386
734823647 -113303341
-295096079 -741798017
784492493 -795339746
855031521 695808647
707566525 -481491586
-367666550 510770104
-252679758 -867140642
-335300080 -373012946
-379181015 -141965167
-861726295 500261329
939245739 701541034
7893275 831730720
-240962254 -236913295
157718102 -516794601
475304196 613970152
912081530 -794532584
411320507 574808324
-894177769 323897715
801598359 740442634
788942476 57067908
668060520 -995593921
-551684664 210131073
992832480 -247712179
880726291 846181372
838058035 -253277618
-44744633 -372928750
-495632212 -942050014
150668910 674377314
-644044218 67292221
-685273570 -453022149
82642818 -383535410
376694634 -88558542
660689384 602866056
183915782 399727223
546977040 -227535936
-808054893 87937471
100523164 -912766067
-270830635 40351715
500855285 892487442
738856785 -398964112
796956843 -348932115
-679660477 -203613156
-865816091 -436289324
-155691790 -599612919
299936461 -669144949
-549016544 767347821
-514704216 842682356
-18188788 -4563194
-303164339 800306555
728532068 812637535
-913255612 -159657217
441250228 -812618267
-641176031 57640317
529456475 -855636965
439850545 477367545
-665113773 155334881
404803811 947440679
487712840 -35458771
-554788109 -124117131
248999488 -463490443
-766835930 -586397564
338975751 -293719146
-495497889 965522846
838764376 -255168777
63349297 -133209425
47800748 -575732958
354937729 606375626
-92892217 -373297792
-359770464 -513605889
-346104290 -256346071
-265214571 -875480226
-353168500 -385719767
-81084471 760257122
580187030 -714411105
985823061 436465679
-660324058 -41597424
-404123533 512646679
557949563 539934858
40429359 -21789884
-665182736 -303591617
693618745 599634161
595278285 985902326
372261453 -871332214
192294587 58515551
671526576 42385946
-205760530 247072433
668894472 355645542
-276335836 900245956
-666677785 811754951
464019905 -13385406
-668923977 -937990010
-863063352 498073172
635314313 -153701076
120740750 -31376749
-968536144 269629245
-714886251 958409476
-186915397 696204594
-263568519 788768281
441522822 311466212
821703999 381546376
-215811787 -839009267
-384216701 -401189924
819123940 -86248016
-806931470 -706726113
453358484 -787214630
291109580 -122172274
-590404404 19903557
1350642 -754054293
-91250838 653149272
463137691 628513293
226276793 -210771906
-741055972 -964611847
-568892545 -557965135
-434791863 -639882734
-710136410 -77596243
-612151011 -7262074
-546614020 157794172
-356530205 484735557
683781579 -748965368
337862267 364229039
-319591045 565821218
450210148 -98726323
-921177717 -338325790
-484347724 -252070099
125864185 605733921
117298499 240463464
780551567 925628492
290761892 842817488
-765074513 -757701403
393773468 -462096420
174315153 495407401
343409253 -639126362
-153198037 -106811123
225538803 323287890
976175108 -438321362
-41515562 -723891174
-220084188 1507599
330594889 561184575
457267295 275725862
226565849 -411996028
712435412 675686830
-750410092 -895369691
830068657 517941688
-679946259 -192728526
-884355266 -925279357
-452285128 -768305559
707148196 522036776
-472166785 409319014
437918370 335155123
162199891 -986532231
892103837 443848127
959215111 497325548
966002260 101461162
-131068366 -139758200
-764841955 411813083
351380551 -172515855
-632791675 274842294
789890628 -712345226
791038997 325061072
-543973310 -399629929
235574559 239089676
700269030 678746854
868516330 491693295
-359689513 -508390520
-561001669 297998485
-628305438 130717169
-447723278 49573101
321254416 918590956
744435581 455705438
536659440 277420049
525566122 243701588
975929288 -855387741
-391748444 347584742
-569639915 -575298136
-695702509 128545523
891045226 862068409
950072914 -624942800
-112397329 -416327692
-917319300 -726553237
-44193036 -552900175
55090893 937975197
336483008 651661169
-590738984 403662701
76326898 394557497
-126626046 572223942
271887603 432249727
413333725 -973898585
-360090173 -978906965
675659650 319270820
847580269 -858568934
675209852 533726212
-889089577 -924157850
-923994869 -894168754
-423315640 -321854729
-138461905 374431834
-94977059 387004424
738044582 -287115843
-806719686 377102124
-312559486 201385087
900129822 423474415
526623103 -917126397
405056248 -129326577
-6510396 144050576
-903148473 -338405451
-143354958 304692970
789276570 98596007
13020310 742175190
313162344 -860182689
534982190 12047926
-108907189 761393427
941294159 605167914
-451059617 -864440141
-221364162 132608266
372942548 -352223104
-942576459 -209108290
720898913 514995629
505387288 -826666127
-487069976 963666345
100119515 306157402
524520878 -6071407
-902779123 -627908823
-818035744 -989391892
334513955 -600840389
-780965351 -321337292
-148928876 680865252
339628520 535081890
-749995436 782852484
448306947 794214659
85317139 -837141509
613665849 851402464
497276783 -767164683
-717200173 -544267604
432412502 836616849
903000420 -951218687
-237772981 -548797972
-681679143 634644236
-705287805 -596183299
-121862333 -845469201
857674339 -810652108
-423975628 314421676
999036188 -533199676
571145492 546036749
445425834 -14148825
-317497096 222160699
720682120 559800475
309494790 -693618830
-11763112 567021319
284929825 -985683995
390850006 195002246
58461555 905145897
-119641819 -609180313
179108449 -619501309
517595798 963047505
-913582496 156012326
-153572139 296018844
-325459812 228300296
499841041 -116220787
887053836 -755514013
-294364474 552096
-511806044 -836365847
150412361 -801802916
466646471 -999373143
-233358507 493405525
-488955698 319846567
408712201 84548401
781118959 13395973
456325518 -255366927
-556033366 142102593
-237258364 60836332
-739945462 -382568182
184831086 -248577183
-120467202 76059790
-261540376 -135914257
746093844 -149772629
179341247 906176753
-144972025 832162297
-811921135 -238907567
546084230 -394528372
869767667 -461576446
-699039299 681410149
506814251 -429138713
590733344 -431045299
56490638 -221047736
-232491292 81675659
-379277281 -560075379
517591633 -996870285
736874989 -6887058
273411774 -198790375
701444735 -272741258
-569302774 648851765
917397317 -123485215
346417240 220408465
615576235 -229438249
-93487846 451540987
-645636839 -471706481
-399616999 -745032540
-17168891 -726430095
121169576 484069939
-25894782 -231613972
-670733738 719755353
827695458 377843054
63399104 -943919590
-730108447 -208044969
-575538412 233665643
-880464557 793135180
315782186 664483661
-582133462 419414649
-960319210 759970813
-453099727 273967923
971179542 279378325
262248620 404614309
-762497881 322488330
-273330952 706313699
129011497 565641112
-365415239 311305435
169329211 -6982706
145159347 -969067721
-165998582 386374280
769290276 32720553
-277289775 186414405
-845020160 -391470120
991973402 -871756905
-913738169 -495910743
887758254 66499134
-177629403 -479997203
-195302766 -371063391
-587514219 202217089
217697643 445294489
-395139105 463179836
-261383161 -630710690
334263207 937123059
-480292170 -476378803
860620721 -171629320
-549275991 930893090
-355930041 -436476865
496449820 -505132986
396875016 -326274788
8377774 77438467
423626198 -201139633
709031141 -612319986
-164030914 47308093
640743822 893928853
-833191030 354056516
-442754731 268579261
-447364568 -319408962
-288912654 -825968258
195451417 92960733
-836673865 -865249805
-42502108 -160999370
-863157552 -8336348
559462293 -458081233
203401501 55977217
129147738 -160606571
663383525 -65680287
-357526044 113309263
-708534591 279047223
629782809 327619856
-103907912 860627610
-883563399 -91680235
454434866 134100468
275234581 186547087
437140701 877304256
-312586682 416862448
-756965171 87174179
-868076405 -532538398
979480563 -643621335
19069688 813389848
-214557965 75916663
124043387 -659367337
-318050658 224898429
2494813 970931059
-793599440 637340062
-170092404 -262670400
683418630 -987704090
-173520192 -772169522
-187589380 385856634
358068474 797067674
21795116 454020076
507156498 806788527
-129844886 8530076
217180153 748983442
-484789270 728989551
-192957651 -496716725
645602946 70450843
431566770 -148785741
-153767411 556265572
316175899 917717995
-483214871 -177289385
-259843777 -514223093
718118870 581106539
-894365392 661507849
798342356 605816019
289073065 920645088
-333195672 608617271
775399152 524638698
206713599 -961515247
392643118 -381413664
-901682924 -501107731
-804589748 403998254
-84558745 813150839
-33566435 -699380191
769997026 398994434
-876637606 520781149
663602672 -403150299
997967353 784378745
-321330305 -720176156
-942225185 546443057
-772719671 -561970850
-952212152 -93300097
126884313 741113066
-609048061 983134321
11418508 277496834
405586098 -724638404
875781427 395573429
64248688 519139318
-287650178 -960793633
155315873 903824394
955628095 798620342
416698223 -994300770
-415267953 279067693
-871251822 741368745
-415731241 -112745758
-363461789 518618152
-808975021 155629548
-773604034 -862699890
-184517452 -785960009
-620197127 -163661690
138974309 -576179641
815249478 630262853
186889177 -413703567
-416177644 264370155
-553720003 94139904
94308143 -939586532
-588578379 329312238
-506829949 -565894807
-955340824 912712726
627574452 270551895
632150401 530650801
-822913361 -629368066
972335871 380572461
-805166344 -848532108
282723230 483156839
-91253012 -775577631
-796038084 -248792910
-616620385 -581729367
-287079702 243022962
352716470 119877765
-351311087 465106315
758055835 134128911
968243391 837964608
-523824761 593732691
667404637 782362454
75952967 838166447
-902555077 648301744
531233880 -525596724
868791670 620221186
-134566102 1554148
418932068 483190839
-200765132 -59263891
942085723 -403936713
-676625981 -674223204
330633853 -571816394
247333537 -566862299
857909811 82384460
-837560626 -260198095
-416487252 -991285932
775538207 -145201424
-936824102 661289422
-672337729 857868756
-225295699 194847494
-739574370 -299477682
-743343441 -768444579
-139197933 -975242964
509042885 -400362681
-8858641 113204230
873512276 -2712634
390344716 -224654326
651784618 -581212333
367588181 937331545
313516453 687522224
872909437 -646965863
859741249 201575891
-874168970 108828694
75109077 698658743
41261072 -221904236
-103338204 8409297
-489528739 -864174842
-666993172 127170833
231570955 713779067
769512154 -701739290
-321093940 425568707
701293067 60522544
507770870 923518573
-169493217 415526643
-363571202 609805822
-375469315 270230375
-60124256 23251399
-124461722 -313979665
437959440 874689829
963943604 -520467966
-578592056 -550851123
910616438 109073925
-107294743 -858254686
172890736 -612798905
-671485785 967253921
-212957626 -468814350
-349734991 -175842646
-342470496 748033163
-349909867 -757124052
642045658 -176190137
-379326089 -607701712
965182890 156611047
398915575 -76642768
946005517 140205838
-918129667 563074915
-292983533 -503089918
959832985 -898946865
602912628 -241466517
253659277 849808471
424903998 307961178
176934653 339532512
-753214018 -28783515
-270054835 939516799
519496220 984344800
-253434586 384701185
-812078871 541727599
-684117006 -186057444
-935985648 195690104
-4305703 -11467119
116716580 -677574772
518276373 445296508
891084808 -985519784
851931948 -243779502
-321511392 -215281921
-129331160 362270349
192732261 868585681
392391116 -445983867
-356173438 -423255818
-760606558 -806858476
740076487 -722082799
-647344245 82672762
333383182 647494688
723767012 -401934679
156940117 -126208796
-800501207 375002299
838863611 -476652439
354321056 -391476181
942036826 739946652
-789674345 -785034512
604795586 -247471913
-348447353 270942437
369141056 -459113239
-403301948 180579350
-967559310 -934082766
-791653174 81834735
130714236 -383758101
637812234 -909607636
776885131 633919020
-552239586 127020220
-552683546 737177703
-661883201 -821573670
-353633875 -831512201
49338084 443281280
-513102105 -448046561
885336579 810504849
328588744 941197139
-914553899 519463963
864685662 899636546
-921029335 769390126
-650067601 506230096
422202275 -523557241
13017809 508200612
-865147580 643009406
157747536 -188957415
454698048 110462861
740005228 -26454627
301110017 -714698839
78492013 214065859
570350110 597185531
-146830338 -154144390
-180623982 -75043059
-288433729 -390180497
-569302971 177676514
425158835 -807683354
2827613 745683384
994798982 -679762057
-935646359 357098336
-151265096 274890508
724225934 564398879
-4805485 -737220980
-695988905 377335383
-136051704 996292345
109594194 613557589
469522073 -133668781
445025592 917097592
666683968 -904247334
-42138656 -895254174
89236968 952038637
-502922584 58156688
-136706607 626536952
348294259 684521546
386955005 -339927455
522323153 -805820457
-46134994 -132042532
-306549444 146428283
638186370 -23896011
644238767 556924243
-748336658 556885062
136665840 774377941
706945802 671616628
84661703 983037043
19311079 -998176939
369488671 -919403470
-63203271 835648190
-19451535 -567969912
-607386915 -84945013
324834880 -141365862
-741468267 854019687
-984317451 -20432954
-627225580 -707946825
890031190 873548661
201757134 -638431831
-498325695 -713133163
-58797157 853001116
25248906 701726660
-114217645 146404299
-354285267 404476052
-134858805 801598322
-30600865 845058627
411168192 931831133
-606529212 -306915955
984798237 -352767182
737802486 -769043559
-520848385 -600493650
19597934 321024730
-372308563 58614051
865607493 761210394
322231799 697598725
-536402241 354769926
-303751471 437885412
-817755387 -445346560
920170100 104639602
-827532968 655886637
-782671464 -88891826
-776210098 -418554279
558203994 -785368495
-179792481 490940701
-472305856 976837385
-137796030 928037895
726696467 -997856321
-71400813 -24796225
982380563 -614063058
-417593156 370500913
-649736667 158745046
-985920915 -655732609
176345295 -660925047
177493121 -444294580
58189652 -152467375
696922666 762376357
511108016 -225265734
278990089 470438757
