521581411 739623383 390644783 981463057
1000
-391006458 374559769
154426563 -275132165
-236790250 569582749
448348397 -125927455
615255336 -476931915
-739276549 583465455
-27192895 -700663448
-364210574 -142083415
-309883041 -788092341
-455439879 710860095
-293872280 -928496841
140528265 -352543210
998333205 -242176940
54313861 -487595656
-23272813 145019230
453918870 455356962
-917880992 -357715522
-619554708 611683742
-917994563 -202320258
954055394 416727956
890668262 185253907
217826354 440952381
136002128 417421080
566920308 635299493
-501682938 35828609
843285248 -937289077
874197542 860258467
922664390 -94923242
-731741054 -113380383
-265942258 -149847907
-992786118 -563828652
-325976348 956979747
-839524457 500649238
459884150 163067004
39802840 129258499
452332423 447123998
-18780060 878036284
-154807104 189864542
225291612 -202702461
790141592 516510373
158462296 769574201
-347005505 390919445
796856388 590277178
974676614 589183750
-62077247 883813441
696255335 -919256486
-636269862 244038239
-726528748 -834740979
105921214 -163214436
-576864119 530492357
890964837 -933914878
-123459768 -120156165
413250327 -713259205
-992729607 -601760555
-429344641 333384566
-659977365 -532320986
570072930 79113357
-741569150 236833206
-992088195 -350955103
53843989 464497179
-103982741 561919215
905677965 -816042013
-294654994 -78337163
-181890440 52182128
-549821687 -980744648
194944845 55568065
508546326 652177194
-930507553 656488698
539284479 -89177463
536077508 244283862
840852913 541140480
764071454 339181306
764196496 -532768778
153823207 663649543
-382351181 342746589
-153942310 862853861
-404218637 555755252
-144677679 910348299
707942647 144902811
-919069213 633589534
-996353902 -382798811
-141668243 573523327
-499228924 -784391581
405188470 825935870
527287694 -475030485
-466805264 -714229281
803517732 123381526
584609624 994447486
-816100612 864070662
-414068276 378400141
-806109236 819084922
-846315940 -832846991
1094927 465935568
449170871 -489550526
-408770040 543539962
21261384 -858610591
-432302007 -795528378
21466878 124750153
288986271 -740442975
583988984 50401212
882508995 -57054093
537477283 941371094
-141137943 138709157
573514045 -658619416
-330727655 -242071254
49339584 -195925711
256112275 -161539070
935181631 387933405
20762695 81091916
-35836072 523490027
637406415 76308703
-985724035 512491255
-457481356 -542532808
-409997592 54065997
-129872342 -839875265
-931344533 227090100
-343111759 850568830
-163810499 860500520
711839065 -61538082
675467622 -441963500
-125112437 -590417904
-39552345 730680057
-584202002 -316676676
356812013 955798068
-216906983 786835575
870478314 -291387607
935041927 206462443
577441319 -404248743
55944917 895694617
-990114725 -256709640
-918216524 -966016816
233483071 -295470823
-25434134 -325228159
939544929 28664815
735878078 -318311104
-400255236 118128047
-305278519 -228592082
-190036691 -869036815
260338969 576113998
599256011 -564246938
556483527 -929492701
70174832 416178319
368494554 782580415
-274588573 409788941
-651834999 -811031172
916669949 -814275092
-796058297 289871829
-844785038 -592210588
597615621 621766455
193500842 -18010813
-862822106 230418586
406052771 727006885
-678717194 551258681
-914122240 -685943550
111028572 -92992047
-727793524 215052274
-681930631 -268282778
-67701679 184652286
248463656 -371704791
117915425 755577439
447468390 139559207
-612648911 511236096
-687385858 153692724
587810264 -728420315
172913005 -459935387
-697382407 301081049
-263936051 567886460
887651558 -410910763
476966600 190815456
135801855 159253468
437442220 328174683
-611596039 -638769594
-782293918 446095403
355506471 501307605
638104061 825269260
-809985424 -818790538
194971137 -348733438
775793315 891253942
-746932094 -266427288
366075790 -506616062
-332013088 -335660543
850954312 437644615
510678932 -22698051
-209611030 -98576335
-197022205 -402834437
289101261 -913011688
-974600257 -626703833
-66550376 723916481
491528202 561437967
-521533034 515137690
-181833057 992129128
73083409 -172826372
795621626 268350271
473104594 -794419967
338362095 492037077
48662633 198485640
-69063839 -367152155
-136478952 -867879334
-228724866 -940261844
445141715 -133880303
950125632 962297455
156269595 801607828
-657011745 -731586059
-595421659 881617326
114054673 448815065
624307568 -992248036
205432386 405653231
71165754 903446106
335428043 -694489184
842984137 288139447
-845679458 -461645230
-441914452 -719582477
191014437 579796662
-382382242 -487360526
141594037 -206604139
893785183 -852064806
-750704502 -346188448
-142383658 570374700
-30799837 -346115960
-430338741 223718516
-302097582 -384744721
-345816612 455169828
-553929541 -50314944
614225816 18292274
-592111341 -71657518
-309056881 -489909845
-840085693 435336170
598995186 -979615083
758070002 692722911
532505265 679603484
-205175865 -616150768
-136845690 -137904021
960178844 -82098809
-59300189 294361379
353138703 -989495961
-658870441 -918983450
51339148 711205137
610186004 -717050894
-655859086 -749883831
-725557569 112131457
804394162 98912391
-286166802 -919481400
344989329 245569629
523421486 349262626
-681477235 -898119961
-721472585 -15865907
752471583 155551442
749266870 -708881805
-532374660 -377714377
16757980 630704534
366880891 234785539
-424883286 -248537859
-151277988 -92479718
-365207533 241889140
-940704815 438116387
554049907 118018073
594192692 -566395297
309124083 -912580861
-901577617 729753954
545497426 -864348440
-881181291 -192067559
-169419755 -591638300
866008955 -20330028
850345175 48627302
238840006 -256413570
490517395 -114543992
-662633345 602370126
-24720912 181067842
117602989 -656688584
-500811302 445376058
502774708 781017568
632180986 531539083
-84590182 -203321604
-432105291 103365226
-692550403 745324539
610123482 223729103
741306837 732939971
939164118 -49859127
-598933666 181041959
686489405 9875340
-178657001 538909433
735530259 -243036782
-380872623 853446827
-784669769 -94717224
-711998777 -839755786
-680339858 424178446
280601753 -61938313
-666284809 895074459
-785560308 996753680
923964884 117286008
-563503499 -51166032
699100287 -80311629
-290235578 627393452
923435976 645271063
-336028750 955657352
-304273242 -106605881
25195685 34222971
-330235823 -556226424
-720948355 647001738
26575448 -699470605
-925240176 -141087615
969039930 -945389215
-829418268 178858590
-906000901 769994081
810244374 389316438
-52129503 -14343293
-884096161 626357960
797362562 -692513957
-388960442 333115770
884540168 862182161
-314176085 635786845
450549677 -438520482
-744287575 438221794
138191994 -180976787
157828507 124570670
-10258777 -731428033
152011205 -705442289
824357299 467050070
-336642836 943114801
476898773 295342613
753215327 -25786738
167369102 689395892
25743856 752963710
188360887 -714477823
-411413143 362033158
-791641853 408247721
534654694 938235130
-775949557 -190418791
-323814468 599055347
-414046283 -922228901
-186674622 -19160946
-329934271 575156004
520973989 -442721238
-21416982 342200169
94882285 840856694
-438828844 222831187
-809610575 -435626325
56533712 423246592
714021180 710461653
-906889200 -488746942
-575852033 -215088415
-70468482 -447102627
596612574 -566661446
-521926938 -744434237
-724264474 -207216828
-940186720 35249185
388386262 874366020
-784923067 -114191152
-297507708 735447886
303437152 531152862
-524817630 782536070
173963906 707342257
29251565 460590176
784382567 -41316397
-279393080 458642435
-78761074 -27467446
-409334688 35337472
-905464193 982177107
-957578247 -66552096
-915192757 -275625900
890276723 -143593477
913757488 -811918845
641439845 835622103
946602726 -981074492
481661511 892293787
-98001150 -419628991
268045343 34795535
681300021 607907215
-335802840 126868665
783614821 -766772945
-579887488 -607293925
-761426426 750822363
353862452 -654380451
-630003188 -129062074
-342874650 -837662886
619021473 498796598
274277262 848942039
-135259625 961323938
169779045 -121490922
-100297981 -78135925
-240831741 958473856
204890700 578006850
-108166599 -678052057
-929302802 419915983
776448275 -349677505
17776337 -466776824
-258131261 803525622
719568579 -447645488
912407092 -659177696
561441581 -714129350
196202586 -36094739
514536484 -348876974
-626390842 -802155838
548286636 833973912
702070618 720974568
72671479 242205196
596542248 -696095322
490260921 439087680
-773082482 608906884
526883684 -463958516
634492768 768655874
928778610 -91295831
149261785 -68335156
-737285822 538519649
-286072483 234549301
-347668494 579665793
-463385422 -567823616
-475130768 383196567
-883710702 -776280641
-7602334 834026540
133758924 563506325
34035987 370458652
-703838106 503149554
-514493145 -431873327
-937972133 -499180690
138732402 -497070941
811436378 307782742
-731298981 255504060
158604427 132829967
-264256245 214468820
-551717758 463501471
99331779 763579918
676674841 946415888
-504483685 -465003989
-166387786 858224732
657297956 780323129
868306100 -111085654
843628981 259121252
-727211377 -93760093
-309550495 -46548115
499766737 68123435
43550862 458062565
-473896875 -84080082
112550678 681164489
167205197 -943315345
-44484537 862576786
131555014 -505273784
-980257267 -482051989
-446800397 738357590
-281971658 -516871542
776513938 707845712
-804713684 -766984353
-690448178 936897817
315461225 -826273743
-714684759 -535673915
-475479194 -929794435
847227281 -661366452
443032843 -681284037
-540078138 -833792651
857149018 -790080086
954149986 -714014926
81364334 -451424313
575688534 -548989250
504207487 -961958062
806420715 -471429893
2294207 -140382289
-975180745 727249127
299228027 933748657
214669251 153407524
-908165388 -671803027
949707948 -599529898
-284220702 -214740612
579180940 -267653060
801689951 22065517
-188288986 -884826352
359299817 507621488
33073953 -685933628
-278901287 23107324
-393998188 711785151
-19357656 567394016
612365398 40852045
-883092651 606243535
7892838 956289211
-922010184 322993079
-22421822 649905120
211563477 -960759808
-571084225 -213841011
-986732713 -18207906
-622941563 425415579
786751782 -883857782
537763309 726461440
956552474 563621397
51681586 569027023
844888915 -738062976
63201953 -492946594
-975242302 180457198
-534094458 199120341
935963882 228427344
-570302373 -169049057
215969227 -928000271
836496182 -82593213
-615834408 -752936893
809351012 -476140449
525471077 -936816303
-387063333 -776985757
-247079077 -519347276
-819954117 -586491880
18469118 -827999229
419756599 -268732672
88060995 571518683
225516614 979898316
707229079 869209707
-410435281 -23139367
-959681207 760254397
-338143931 855556547
24874173 694173023
-857265659 -905387498
143668535 -649057151
519141608 862242850
-653342501 220607548
777924522 -975729080
543887832 -27557011
-352093297 368388138
-957041869 -301818087
991627779 400461407
232439868 205530599
21897528 -958121698
766546330 -216499977
329107247 -840731227
786575220 -623760913
-769457313 -66821908
-252957211 -65062706
754048578 728677738
-34367579 885324383
-380381125 -592148043
-911553888 894511366
703212362 355632685
-375794341 -453283644
802607208 -152753949
-713094906 -90945635
-912921879 -712956077
877159957 439681651
-730016377 208015817
613357928 -379637026
-594998817 614469290
-345836589 77912553
-777775838 656657884
-593580760 688868394
-286666716 -438188285
-230387354 -635087721
169647347 -98345287
-58044399 -963838448
-634963986 -713244217
674581014 432361066
-844189117 -201478502
-562223638 513779730
513020094 -511244279
-449310284 468936170
-415062175 859443090
678163017 -320557983
236947930 -517689174
340612696 487381031
-547419164 626065941
837828082 -198330238
592026143 -610422471
-308270175 720202179
-682094736 -461338011
839965093 -817143594
-305262914 719266264
207473894 428652639
315040946 -847841138
-508428840 870584747
1338744 -204278035
135595683 -879334082
-769405427 357921410
-10133892 -474070734
-771551425 -912167079
-424612853 987547962
851917526 860311406
356658148 -193100926
177395692 353868981
845573859 -473965032
-685497763 -377868653
-799868562 320823401
-783508129 439942919
-667722868 -913624228
464357914 -984648887
863630479 -452347398
-642152075 138277738
-851421088 154504739
-52470585 -863651889
915904531 830638220
-635688372 548862111
-156654083 649560590
132953300 852315661
-243549280 -683885691
805760214 667778659
-697764983 363227838
-45646542 690455009
-844959523 139994288
-215677563 -106964010
-855978894 -478659670
953357258 702917461
491228143 137472315
795814620 924115954
900107926 143421443
925109485 692349832
828907842 -838613531
270244848 118180184
-585676244 77126455
-791109585 -1215648
45347818 -930557790
667905440 220498079
217729319 618252082
-865275622 -887808823
429196288 -28332587
-988914230 201424055
-880663272 -35957612
952819972 -451871186
-532789701 -950310323
645677504 356932871
-203032646 -256415603
269018756 5291616
-725113959 108611653
399032897 -919334980
171056638 -362775577
516109577 -656184386
220883246 489065439
57752166 475750893
22959236 350650968
690273744 -359129932
968342859 259939798
505924577 -382502358
360635602 707408196
-121047294 -842250434
990379313 978461
-819175951 -32348518
576346462 734827944
-833128046 -419758333
584952707 -844240533
176350017 -686011226
672238119 -517239501
232832189 -470206761
-233962956 -591828028
206203592 -810341212
-688078103 96187852
-70754268 -810195195
417547534 734200396
-943363788 372249971
812167591 290674096
-294840577 -669414575
-145761693 391400407
432863630 -602052266
834960715 622432645
369369165 309970697
-249350770 161542393
-738712565 472833072
764917229 -353264773
118594660 161651317
-988055949 -101473005
110516661 -643959890
-662436155 -327882453
491978417 -242359124
317635309 -27803888
-809763531 -15534720
-363022606 502934447
-58975921 503092171
370754484 217304997
69704819 -120088133
317756468 -948373277
-779131680 -407143144
-391716436 332324615
10469437 259831872
490532392 923373495
-767127192 922107626
-635638658 -970407338
473637075 329477679
-106025705 -136584716
-286303250 514066273
-33176319 -502153088
77933662 209779026
78127888 855365785
332223279 941568872
-47802562 -91295493
-617861581 -493667417
852428945 983899809
-54856879 -232344687
-425030093 993226643
-777215890 -873091260
-581960714 415427766
-885464987 -2823290
-551426734 816571721
402711730 -384617189
193848088 370355208
-5709006 -419406978
-532204897 385077731
-186455075 -524753140
-747501459 195338460
880050736 725055072
152883972 866633016
315194720 531861950
-928158959 -121873911
194951214 -946399454
-510440784 -923991110
-52653238 -802462308
765315322 -984374556
-596166624 -821561038
-710822631 314890387
-89274798 209991993
343973708 -349470349
68681466 616992122
-752122352 -622565956
-331750643 -385674425
678482384 -146203312
-481858083 -632620577
282842498 518054243
664425634 85706680
-660428754 -535441403
-130207194 -465625703
-918625200 565151269
300658044 -405056380
316497170 -235950030
-308745814 311424266
-101483588 381391532
807807427 -551100470
232683665 195537693
-995988085 -66138654
437527972 -271265844
244190316 -94834538
-9975725 -979512368
629273136 584217535
423783300 621456648
-560496868 -369151345
-203567139 192386515
754148015 -584084468
-336238290 -439150227
-338802834 663756681
397052470 -301256815
859415137 847726640
51672402 312591908
416922100 -196990524
620925479 -915465044
-91072442 -157601819
-92857042 -955949785
-917458178 -360863242
-498691634 -70704260
871512725 -219819522
-101380573 -960268292
355327691 470449532
283278325 -773498716
220760869 908166404
-625832694 39547153
720964386 527979444
276914038 -149186282
-424910293 676194813
-885851778 858157536
-141739164 642849693
-714353712 69030779
191613776 -984725771
92612263 -560812277
-515975015 -585037404
-524647881 87013259
303684180 -868223643
267135104 -727314310
609701485 703307630
-589751289 73830109
-436504824 491015352
584724264 -905391534
148600967 660840890
-930911820 -648832630
-271250189 -477421375
-334107231 -524998741
-825138408 421850975
-936212631 738899050
177295891 601419435
-575980340 295310994
-295715302 800078619
838289892 -792530384
-322582666 -18881431
-819212259 -560070175
-915381195 435060871
-167909785 -130052791
-629548394 -79491742
699430685 229937930
-955085041 -472097852
862736931 -758051621
-999268339 -12477921
957541125 -900363609
768484613 242977215
-31399783 -673424938
614819479 433031040
-209472639 -156140873
997396987 931191417
835033084 -475959537
312269025 655043753
-843304413 406515657
-870051073 -188354524
-687148209 -878401824
586565421 -983881253
928729081 -538814099
-315097472 -476462710
406752621 771719920
-295743128 -146281830
456253825 -498600019
682586977 797195358
-113864338 -117100854
-940958006 255568025
-475648069 -773168364
-464017806 942570237
638586729 -570191055
-868464281 -824922365
536512041 -215720131
-339220307 49247678
-900039274 102473527
-853358297 -941175349
946902633 331384796
944723983 -933011726
-128223095 -893471409
-916894029 595511117
-404799965 808883831
195394142 -667998240
682974942 436005396
575426013 34992145
880698232 -205597484
301041133 -733944925
211174347 430983405
921588428 328064168
-866404458 -206817223
469241140 -705003971
440907693 758460502
292885777 351642132
-335402937 -439553755
-549764835 -760137036
-981303238 -663060944
-239975362 -890371134
-342638247 299469055
72647176 627150649
-751885921 360046655
-73811056 -69353698
250169174 -736123505
880029858 254467195
-297857549 -114334867
533080138 -129173194
-449798473 244624472
-807773826 808721975
211257932 -69299150
-642614692 -440121471
-149135582 761856104
13303077 181627053
17531679 970944853
404511183 -540216060
-827489405 -584890020
-529047021 -955691699
683962575 -776100913
195292866 -414855535
-660892890 -910476094
226132197 983389466
-20850496 -487023463
-942980180 -818297084
-539032342 -418829931
650809894 8706341
180151314 -85023353
492760502 -49899028
-887307243 -335075049
775080765 -118190752
650190185 -43627443
468955496 -97833199
-178214822 1901719
346672939 -988043208
186795400 -122854338
617433944 -215196495
898159009 -53128586
-438412353 -685996888
-334249202 38906296
195958440 -670544820
885940035 447529692
-252171375 -478871772
739889786 697465744
56811240 -69465614
303428153 -163764981
755779499 -483040356
-779421548 -555679037
-305962359 896054178
-442169528 350340227
-109237566 -190320016
-292595600 -421334555
847730724 304716645
880527381 623977494
903741432 425381551
193873936 -16515304
-754922796 -939301583
197933289 -131849929
419304500 -898679490
58739850 332644397
989768063 260911748
236551122 709601368
-705129497 -634144179
-678289045 -671368688
-839217528 813647876
-480308010 734267181
573518671 757628003
930603990 -598227587
-257529914 -144393693
832954547 -455693964
-457000610 -878559901
106464599 566247318
-382985711 -398984015
860524072 -88381524
783594096 -333967125
395550338 -70304541
288956816 570199633
151174057 240558064
-485024431 -257302842
102621914 492662753
375042764 -12713236
-856005515 -192106329
486289930 -221110629
879678636 100981960
-293978181 -966878336
85531188 340840878
-910415320 -646459517
-558404540 -525406982
898131442 287457541
462734313 -571627234
176108979 -215085151
-763648981 -926448679
-827750675 350451463
163787449 -228666451
-864873199 948116423
-831777523 434477436
812381546 535564207
78356607 37825277
310411989 -330139315
643233714 404252126
-64195408 -403100192
-778867949 -382276669
753519674 241022903
-849788038 -824557270
302127074 929971299
227636488 698513409
847518685 -888160596
-791641453 376638349
-266824350 -737720248
-898770530 704525234
-71768946 -695950900
-826250317 -641002666
-454010998 -913554639
120603058 -943888172
278379052 -331862533
-193866639 554072513
187883949 195533996
-951630770 657045911
-721522595 359290054
203393314 -709109539
-814613042 -646748909
-339245431 856238999
416614667 753002257
-470480411 -385973769
-406846540 -764891927
344876790 -688793127
-892140892 641908117
-843165104 871838120
637433774 -31609762
249872189 889691497
956293274 -258375615
686504529 -668495840
403773791 -904233256
194787520 -727529618
-564484081 -45463170
-877354255 -955334441
569054318 -809317647
-669765512 615030823
-73123682 -449462584
-960203553 -135321730
119497006 -155532701
-765368478 -306241449
979632620 -996074548
-354976083 -95268435
323624083 663376304
-314172591 -771000974
865462733 740659211
-333965724 -617094792
444572912 323304820
-949907028 482577950
191272550 50657083
160138480 -810328989
82910044 -627701231
-393011251 -491747482
376200985 78970033
885022568 -523306413
-838185637 -805121947
915712692 -579255492
137956975 -970552422
-341508366 734263562
-723341132 374914217
137392702 -175806589
347267002 246722700
-320020503 -145584368
689856062 -105095738
595455616 748359469
455436814 281937944
-258788856 825282424
-311925191 319660448
-697382449 -765737877
609926715 363674750
145734284 -499833711
336589546 452645136
-879831748 649142260
332883975 583510927
-289769461 812004093
