552761435 -490555112 -879584138 226903479
1000
513983008 -856379449
-282885476 -508469001
-745171212 149591233
619755720 646551250
-320598821 128919901
-357330351 606331257
-248486062 912374741
-737682030 -199060171
853127631 -773023298
554592416 90779243
-523709683 805183643
446660087 384838903
411355405 155004353
168362919 911761934
-62074095 656718008
675043024 -934253024
-662507805 -233015347
-68593746 363207477
790952366 -571975101
283550208 418581045
-537543310 994030967
231586598 82775499
85675171 -598685444
-155010094 706269014
-889333024 -719297268
-903182750 14788206
-229769805 -645641295
-600819394 522853799
-588884785 -926560515
-414395346 -40637850
271089226 70925000
-602461349 290567644
-731482239 553358884
11417776 -450973215
-368690102 -431416267
-947959156 864732423
106797604 -487390344
-348296948 62172294
786786395 -756167611
-627877388 -96135818
703893663 999784259
-251298478 -349967178
-783762378 296836490
-862080178 -104698998
20513334 225256125
896800503 -191471237
-398725778 863797874
-554662999 -833271223
-614988659 -216887589
492554111 820185498
-52364658 887212298
399182603 588646620
-468442378 -564655352
-55499271 504564337
213460272 -791285550
-166517019 -599730657
690268494 -652443650
-446522060 -415754928
19908619 517352646
-622137618 -765121458
169027713 709091018
939385411 952910615
-420462655 280277832
-952234823 729615361
-521520654 330773570
379187027 385662763
38598464 -606451171
847003949 -335568363
-273048260 -956583100
680447676 -212728808
-491975382 -98016980
-162095489 -617878337
624893730 -239335571
-40411757 -547557488
356061075 -330910848
978646987 493669325
329454695 -338624512
-422690758 926364590
445190827 926547791
-784987453 924498352
670856714 -785312727
390291842 -703439155
938563979 627882125
253513594 115423803
361496531 -333384502
862188459 555149795
-249401583 761711660
-347107980 971298486
-444422329 -403277169
-555199819 500698806
970326311 -78739003
680112131 -768906017
-571104172 -938391520
-432343391 -656376405
-92280446 550412838
297524537 629927521
156085283 -986413931
-415522572 -874384425
-545573382 -964548751
-10867540 -839012484
525390190 -64626444
-408877830 -250129524
340683683 806709902
-979525635 21102292
-172367058 604264838
159226686 357732190
201896170 -6297734
-706399857 -245016355
-344419101 908407219
-301283448 -8904464
-950492815 -282627055
320789014 59621438
-219452447 -918304567
-379649379 -956100443
229961327 110908254
279593976 -666915929
534906106 948459352
-153181333 -891603916
3742129 596836573
-832035283 -7018665
681989973 -381396093
-187188554 -964792403
-973110034 336146155
863005237 -765258512
-802932601 259489856
-931001129 166807510
975859158 185820478
-694252529 -629407763
606964527 -644013332
119872957 -592374960
996218414 235538389
117684676 718876892
204123981 930845157
-393855572 -860976254
940106925 686053656
-591351180 323932111
-41326977 716140964
117496506 -29105469
54267041 392561250
-486831199 -224217696
79935630 -760677684
551850535 745016572
304109684 -249089304
-28280068 -486398632
-467832193 915485075
-19942722 -553666581
345954577 -967834829
-10730886 -428811842
970328975 812238792
-923823644 379347328
663580828 -253710191
829179852 -639706678
873303631 -222433913
51587858 -781101483
633832044 309668184
438600129 835443233
-562685449 -7481759
491361968 -299154339
-666107472 661018496
-511503245 -529598198
-913889088 285676859
-601644955 576675025
-118262537 -375156694
-872518705 795260242
-312512462 -39319702
-773342985 -412546310
-843814567 431836187
95426719 -892598521
-283954781 -55975452
-811684793 634859545
158094164 -929533725
546500778 464712663
758611392 -407372528
-340910698 -878665615
-694236774 379667262
809102303 181685189
-725595238 -20321389
-35979177 308044477
-749089989 -329825428
758146791 -88040851
-914654815 -33905252
-884572802 -769132395
955746590 945689912
189272097 -157525044
928091293 -753002102
-291450714 466089093
-279848301 -937520891
-994223008 809810872
-276165864 410265318
755489759 426812369
-510828330 -673292465
-100747885 -84705032
-337817498 856738400
-85572931 646051518
-161168735 -99959961
-668681360 -658282734
15210527 875699446
475099330 925399950
-994288866 589099923
-377894189 -552591085
982657436 -345274706
909737818 -64623511
-159055950 -409729900
882667046 -460195908
-341623273 219663739
376343912 79567676
-636339553 -3436729
24670091 -7124585
610334478 896528660
-941747164 544969010
57585505 142627979
903066270 -889495690
-789671054 -336081902
-523119698 -924535169
396719632 985367352
581639219 392859134
626916259 -50297014
115568585 -181517462
841446757 -466589144
605195824 -997229440
-629819895 -664471390
-430709689 -337755291
222867862 -773663694
-218385663 -987285395
-252181857 958444747
-137435770 -483215259
656650017 439528659
-859767100 -801546974
918904277 931134045
300293047 402710647
-94512138 332911276
-82552197 210032032
-13864198 -451344769
458525803 49226263
-1063700 906126392
708187854 551643590
-904740076 529767128
-929828223 -210983012
757056830 527202344
-130510770 -849750063
291674752 -439876750
523107011 -623835298
-767366111 -723266927
957984492 821490694
-80282151 499077686
-971189637 33360578
-773318280 -812620797
456222858 -677207052
-299959278 -826086697
-795870633 471233149
-180823195 -485699961
-219249080 204671959
-750488429 -698264826
918264733 -617091429
715801237 86642066
298133731 -193823901
-928898670 668043796
397210583 381810071
596111781 236663383
549577208 -279680470
-821275449 908175929
995735992 -2765027
763671509 -140747778
-85198162 179964494
-438374323 308436303
103895683 -72462312
806393883 -110552608
-992269507 -173689494
132084179 -367093529
195953950 -309708494
420990032 -412271779
723082743 -543176257
-522387007 134189122
82772802 -336151822
-746433634 663823916
-797660539 -766591215
-65798127 -505429117
561211020 -603130362
23583069 -504392473
-47091908 -937966218
-381885663 -557030743
-541317417 424279423
529338658 -892031054
462946662 -509950967
782310896 -92075974
204883536 -352093730
442956079 -752459245
260902558 842153285
195727927 736549704
-339158349 248025122
276278040 541109882
537479611 -217579210
-402843222 868276212
76133171 -86666249
475640451 948733412
-719683530 446479512
538550633 -945024825
970051459 282691403
-553524567 584283827
617813607 -902523395
-402121094 318684206
669435482 -612313534
424756667 -943667561
-156048307 -786159168
-520596424 606978503
-398647715 958173680
107669583 852207492
888655905 -361340437
-13445937 -932822704
-976796251 712404131
-777208034 -395606884
386116287 623627075
856396136 -513770761
-307411540 -25913213
895023101 -181518812
-380906021 991091104
-585014802 -946366451
859181541 -483773582
326399762 -810467301
-108774761 -224322157
487493961 -538899665
436103305 360756617
-159165341 -485021126
-562737513 -550362107
-761713792 -794562297
-480117523 192055158
-849317613 -637821033
-810860228 -400034592
128762174 946763638
-72503514 -824744519
828869772 -260376193
230867194 -663936488
385617602 939597562
-292052678 805763004
918122493 -238955671
-376204973 148864555
338915996 797637548
208652279 642323275
-322519676 -348426339
770252264 -599499223
737985202 428424841
-170587318 -451088654
-983145791 42914502
643090124 -420680456
-240147528 294480332
88049675 483277263
949946110 727584021
442367072 517008773
17667250 273780754
-899410040 -119183173
956486590 969839799
404535382 -269590469
360031234 -960833317
173881920 -984528531
-792800585 -712671318
-781710082 -19610361
-425367846 252394958
773777189 -557666328
560166 -932771708
-294426183 -305417538
-253388181 355407050
-463649383 -884816227
165794682 661624092
301487931 -143489362
713832140 157415503
-920636614 121794325
-791446302 -687877172
185364045 -18036287
-323834719 -414572949
24673873 456167805
473765163 763839636
-242582251 856252981
775828950 846014922
135534518 490974544
-845489008 768157219
24438754 892923211
276910373 -655083522
572611011 -25308196
573869843 788982508
-280035085 425535866
373689332 -678069638
734463738 -751981153
-262946998 -162552524
86932609 895385963
-396225853 551095492
75531455 330265868
142137217 480705463
-62151621 95223542
-174554585 -40251398
-54411220 666016279
-552282124 82164167
194467641 -783413008
-398393966 960025409
-273314451 480551636
324940881 449358868
416344137 -27486861
-839840463 627750603
-48152290 -449911513
-593340927 -145272034
977224177 -433723067
-596152385 318622073
-982916514 223927228
-557287479 -188153428
787639889 860907202
370820478 371038564
-262264361 -965327827
-573399521 703642114
-237741423 193631559
-836096013 213754012
106338074 -309507764
-93358412 -648603265
-772754998 -117172156
995313369 152504311
447998951 972883709
174350278 -867540026
-689302613 781233335
222717335 534887975
-327606893 -821862675
-642365053 31792069
-435465818 -970867873
455782432 -341473748
76604703 -550947806
-660655773 -490594927
-609633138 -181427976
-290822190 358710450
408194146 445686082
-714089378 932205827
301442996 574103078
928709575 -734636511
-116837280 869293774
352831727 -270144426
-835231449 -831779542
242864103 391360261
-745968647 225226754
-221103839 -933091885
790150043 -277675554
421664489 483344363
-801598327 -792407096
92711263 963635695
277993256 660520298
926757266 -915484172
760543801 -158849991
724555468 -546315476
-489322127 38909507
-714350964 -906236972
-508055699 500210849
602126209 536679769
-595228821 541283297
949998767 190434694
-97105572 614708054
308764923 -766872024
225098672 250616592
266688419 -357921167
-98829605 708425122
-772937908 -999520893
-117239177 -673999430
-478691324 -67917915
435715324 -335341768
474788779 -594471626
-730969217 -685147078
-915736413 -469304442
-496703198 -7637316
-871406396 184062402
-381211125 952282512
133761780 642052458
-592531413 -440510295
964321043 207331665
-454260531 -932044936
285444669 27261042
-490295146 -861256056
273014063 -669571760
418185303 -434120022
860719761 -959640931
380636628 151406055
-307364546 548295650
81778312 600401945
-70457242 -681694947
890172112 -159713593
193113174 -359336943
-975926716 701990385
-11403509 -810070045
-934415283 -855951371
378615278 -319614258
-251382367 -173287916
-639965050 888750398
-78312715 -443417895
-966677486 985274299
567017816 530175600
829723528 -85031652
-73249444 296562082
873091947 348420483
338479766 -740989049
-993102269 -778863349
-522843373 -718103588
603194635 726258588
-932312653 -196025381
-575278719 176987196
964061144 990885412
552755244 -905585965
-763460306 -687892531
846498864 -767974089
-166653150 980496507
-134837308 -798760487
463137439 -175315580
-743356368 -227966570
-183291180 -998894293
507979338 178822524
751481441 -905701776
934371414 -259855483
-576645626 -358353384
395219842 594322472
-337172089 171614562
-359587848 -884918488
-463332475 -664687265
900134667 -143290048
928569629 845868152
-756186520 -356680473
685345009 235548335
-367568773 -405372392
-300112390 908121966
221200671 -76411662
-913603372 482296010
511487310 171963060
867314151 -180976053
-892426408 671206688
671141023 227316346
-442379556 732209631
-523629039 685372974
516596393 -707792643
-653057188 386759548
-87923642 249769995
885183646 332459615
779529400 512682550
728531178 334716863
499909079 577894350
-903540499 -116050424
600831773 887127652
-605383609 184693903
46595134 754753730
718752596 963053068
-144678436 -959755805
727476260 -551319513
-772626096 -557270160
948318815 -872232083
-915893281 -677406920
919906393 -798072609
-95578642 -931278272
912310212 789006971
-691467691 -500016658
-917412518 -951478444
-851824826 504139475
-256392635 -673759952
-288928415 -96871631
-678033308 433192738
-973426183 -426711706
214008046 -227369055
-318925997 339193013
268420216 -549370812
-140300611 -856391185
-795980347 995752438
-1557376 -487079237
-960632905 -358234766
-424827172 -505995726
-539312377 -167240101
104066759 -386327760
553433325 665768345
689442249 170799707
-175537032 954426650
-980441578 270809664
-262111985 -788731289
-655648474 -520172229
-855534284 -118899583
2954066 -33966362
-695464320 14323348
288711114 -757225526
-689259883 -200526041
-215141591 -376472013
-710554758 410540220
-626191851 759388310
832248722 126716978
-921838410 -704734235
-613926189 633084886
-42259033 -822157228
921012327 -173825417
-900268393 299455248
871172795 631833201
-827915729 8273883
-995250407 42415372
650695787 -571223443
292141906 209261081
701906518 -732285356
721207114 990022827
73682154 -560484539
-601806228 -204981076
-357648155 891429631
573414674 308536588
483838427 15920074
980158043 805812574
-399822038 -169288239
-289237298 928876751
-891552089 558796377
-969979936 -305378979
-749325840 117157061
201516376 589573656
868126636 -472337009
284744129 -156975687
391788307 961576946
846193281 -443708981
773615065 -594162498
461858958 840318006
75671607 -220715442
2467672 494322120
872471972 -574228007
-204650116 532460370
-507422973 722679671
763363094 -682532218
135641071 557920312
241813431 -606660693
-675262847 -392969202
-502661905 -62103265
-841605406 -521306049
-987211767 -832560927
522664443 -636961901
-567961044 -261814236
-362020873 387583503
-340639540 -911267908
-499279747 588831254
-759504457 -640872584
772949647 468682090
759910174 786556253
594372171 311549535
38763573 -997193176
902743221 10854834
883162997 -764609322
-51093137 -98378521
705867822 -235724021
217075411 -882203588
-734607645 -935241491
25021341 -552921432
577078582 -905787221
-512257562 401579637
-700161361 471453833
12578883 -60146313
-47739957 964696177
-9366587 -576782991
539409939 -611900531
-856818619 -760830738
140512405 -487434581
-851216307 -463153814
-580971442 84861359
-278030283 111766678
-532962975 310729210
338378665 -628865820
-272512792 200902581
681716554 124081004
41737636 -28069776
-696849083 203020835
-274696491 -588687513
-804559476 -94217128
-774528891 -197287334
930341987 941193496
-231519549 670611028
-40542225 -595931120
245184027 964638067
89003860 -928617690
990182902 466526963
-304792813 -64103757
-954652590 -301140932
781728375 -826269106
717309891 -529610694
-808025032 337344114
-27317304 440733336
897330149 596406635
817524487 810124606
80449856 364653456
-107757132 323114721
174943810 -898587079
-853365765 -273025699
24127282 -694621494
-903628097 -399287945
332412539 989706766
299439016 780441542
-827327364 817131538
-149010771 -806501473
-922905148 -21498695
-997581087 -107222204
51181314 -760433369
-659286647 837881600
-818516742 -807651063
883560855 -159049205
679057396 -908487843
-638256777 585428232
-720519074 875354444
426907502 -165751405
79388616 -390538505
496039287 506193210
307159612 464288071
789285677 1298143
-181338509 -905902904
-669037018 -286366793
418708187 979543675
276168277 -119012417
-259684714 824644327
48452471 -635154039
548363442 9523150
-12873776 34448744
-172584767 747033378
214839935 386317042
642951390 789466363
-336617361 -190324280
-848502180 -645333963
170349077 780027639
-745854929 -314201283
-81870025 822769765
329457754 -819119996
987098932 274695100
661313992 -566405368
-822045308 -294740824
-310101931 368068477
-688656877 -586628465
-327907977 -405906254
-948114541 -674385545
-389409865 837625011
-336402618 -595818297
116029689 599669947
928217899 273769147
-815777837 -828313256
-747578188 528700088
46113248 996228666
850435117 459513289
-944796600 561000373
-941690393 629184560
118955543 873211951
-888762675 -136919237
362071788 804016366
456188787 525773159
31276727 246518674
957370988 574488466
-247839729 -641752551
107276115 684622654
110633346 796682805
872591817 -320824739
253262916 286673149
-200913517 -386568152
865059348 254846853
-295138421 799958596
-992330626 -439030157
-192890579 -824983383
988816968 360850770
298984141 -37990982
-300602016 348467993
502564772 858064547
-809554563 598464907
476720844 -437167409
566036750 -522581821
120572988 159956641
582695537 -111620018
-352744851 -601344811
93188928 831712878
653074652 -603839383
-38134709 -573611434
553231920 643185795
-411392293 -426869298
196015586 -659257736
651332669 -9794633
136574636 614528844
422637205 129071973
459988899 -24143443
320152700 111202149
-566595152 752588879
903213829 -312166362
-379614476 -99426972
1616957 -648072582
110093960 -890431026
867114283 -591315973
771115513 -271761129
-472438880 896200381
-377657345 154404166
-43309055 -811527834
729964305 410323508
18659349 764165092
198339133 -961594015
-274737633 -519353572
-361827576 509371969
-344785152 282373328
431984809 -938700432
-186930663 985841785
864545714 712268869
806468364 231223339
242993389 203895921
-431243031 -2693316
-577485799 -87251012
815010702 558321112
244442038 235562458
-631637480 980957857
-853635054 491389537
750649609 -643584487
-302274655 -997566751
-540440906 949416629
-684447988 -437309358
997542841 559941456
531600061 -93227973
178850215 -889049180
559621552 252349510
328884246 -446085693
-456653684 -635339187
363490973 -118968212
-393478086 932727623
991343686 -358292368
536169659 -861241425
2526347 833531829
-118166566 -193974451
-915030170 -114026194
-791063943 194472948
53212882 -716167074
-747661085 421953631
842145126 -590916149
991872244 330527940
-293245082 984058455
336503645 -381272699
-23035639 919778500
659594407 -610871923
469091490 -122299251
-860968725 179215668
-185842402 98570676
703727988 75026023
189204384 659885982
713521293 939176756
471221215 713004229
-276790613 -696506142
-686329926 55677847
-358515580 143097081
65396905 -306132801
415368233 -674426989
885800458 406533807
592045408 119247738
-952761076 -665715698
-623407284 432937014
664828882 -910926900
162924230 -342828818
-522174893 -308685125
-717110530 948614771
-669521422 -810480146
998433967 822464922
-885860363 297182568
566650518 -755374629
135792429 579336124
127619932 -51618117
451799596 137433877
525660033 -559936645
-362139042 34915737
775072124 -542050830
548494154 861907885
-334927705 575929634
-146551880 860595404
718299303 891967383
579237498 227161294
914943930 -806087326
-26621894 -146330910
-455343588 419932724
13721107 -838666928
-221127506 -709404756
486941762 924234737
963594670 -199364019
-790143730 834031620
559903929 368792619
-653723772 -251356273
-245857753 68181551
326273240 286032983
536723497 971667974
-992910256 368695677
-259731827 607698566
108922421 450498705
-934323217 -180340083
179433003 -482054924
-449464890 188311887
901639935 598260500
354079037 956856140
23884925 -540704076
-463201924 -760101967
171188295 582877537
-940218343 -7439583
870831571 437746961
993567323 -67770790
-17749481 -796955816
258374578 442992627
-88626462 41533622
-695731802 766520947
-107192324 -197792213
-77630810 911823560
728511864 153609598
-33623519 507183791
449016195 906099309
361220401 -780939752
665008395 533542227
-658613953 -184027980
-194482820 251965736
845689462 961372927
780343979 957145047
-817207125 -607099387
-233322103 -47289924
124821844 897221797
772022575 -898988791
579109840 39194184
933017378 -965472378
-151984219 424861338
-600773797 -73811768
-516069836 -1009450
-84584901 571404127
-876781254 -94402874
-313246860 -19714019
-956194759 776148541
277673042 35459477
280578577 -205136023
187966711 -615286777
-236846258 892860779
-722987247 -833184949
177632813 -885074808
1895301 -702607085
-240555144 -25806314
-632812494 847943698
696559622 241194838
-894871650 -655843919
476145136 -500739365
-811077486 -799269097
-665441658 -667917144
856208179 -998950622
91053771 139697687
198714365 -611897245
408246156 -985543690
-119948379 995704358
-184370179 490354038
606515729 248074267
-1041364 914027573
248902216 -975567927
422153309 -131497005
-506827393 275167184
609478731 158854007
-877980707 -241772570
-578627772 -432889976
471254064 892314655
361227895 -636880455
522678856 -547758058
-699602767 108136986
-968018610 708837091
278787382 564993756
-319449305 -645738030
-356149951 -671264668
612820770 59525906
-439376143 -517446012
-384231713 -402509483
-42589433 -291236821
-487449479 -94059622
-639341378 853098
433289171 429008645
-327716220 -563046407
512185727 -872858457
-301598415 -522646988
422965361 -320838955
615567705 -669748549
-983639046 171908609
-29882738 -57927849
502242131 672093710
958008007 368476219
489862026 -692598404
521902271 -619324759
-78017994 567039048
384178992 -389017101
76320470 -695990127
158443814 -766911025
-862948448 186799079
545874470 769640379
49332455 554425539
993820725 705693562
822240056 487056536
-175994903 -855390033
556796079 880936969
-855606277 149180929
910240383 -272469174
594694302 -792048739
-852347948 517915150
-982503125 377058834
-540745875 -656700695
-334832880 -811009367
923926805 -946117604
519924242 836723889
403335280 276812092
310349025 -668335943
797154576 449375052
-632891502 493725242
-437022999 -550257964
573919592 -199496700
-738791877 -398618943
29573297 -350471873
-650222732 -532236515
73185161 -163274821
-419195334 633196780
669018587 -981720721
-968086427 -126807653
922125971 342560129
