-897511150 -912880529 -198952359 862342963
1000
-963176551 -855797925
66784798 797264821
-837598817 -449522820
-292776835 76738946
-627382553 -644087498
-328611844 -92057222
-997800004 -927373172
-475747625 -168423013
-824129218 45756981
576412504 -351703118
-60063496 -591759163
917806781 -231087597
-324634495 763352048
-278470579 621200033
896550097 183486528
-144165163 -541780865
967313961 650426841
-936389889 -90620327
856731220 147764770
330067690 -177870771
-960682118 -813626699
61213128 -480978600
781599754 362716742
697182614 -76278438
-619052926 679054713
-225147518 -694261896
-166872347 -203014618
688823300 247413278
-866914879 905580399
920796243 -977836447
-68962126 -133539296
839422262 -320091810
-750236569 678607077
-654414621 -301202296
431974056 551324300
631612228 -186854407
-356962939 23886473
-111226752 43546032
532324127 679002530
-252513864 707602805
-411626298 -636054544
-526505518 88373204
-347554690 -365070144
-449135543 268650327
952628485 -874912002
2820287 140337952
137426245 -857413913
-187089517 520382170
314450179 -829402806
-230766559 -98907687
263176080 820364986
291200129 415002415
319722052 318819554
-896353579 -111701205
-532347586 -168319087
559368339 590206944
176351325 -618530542
862242966 -842871715
424203046 230791016
-990201924 788536779
-250811395 26421377
935249378 -698795405
-475601654 45409575
989324439 933254076
981918431 118426142
-807511174 427670970
-159579566 -320497332
-664231274 787068796
256866282 -372557913
-389312621 890490682
-68634380 272220310
-848665647 -756819216
-160931208 -234637477
164175297 513719121
-114929293 -952617175
-970966568 -290625383
676266495 -217315664
530598741 383080865
609201802 308752132
-786814996 -826192984
-207039962 890981075
179432356 341533185
155566226 907544429
-677265226 -372161055
800797470 -224721095
-37985066 -64685091
-11177398 -663597270
381076145 -34539698
-458264589 -423084650
233624134 851545763
-974878260 -449329923
-851002889 367672213
460909897 -601812294
-455215611 659415035
905103183 -950867497
503780690 849243853
230795574 891055606
-330676890 202736751
-772807942 588255595
-974973460 -138015278
-202586201 959482341
-408319991 911392485
599544404 -596991276
-643815222 722463486
-963671708 387975829
-107637048 -440708412
900102615 -305012048
-375123153 992112385
-609816383 -47085455
223452679 -480368499
251528956 386683304
785317859 -202677735
-759915636 -129088808
-402754438 629312573
654727565 738528609
211198943 241071083
935517700 295359923
282198812 1974136
529477570 123322374
-28200616 -901322431
528769490 -377958989
574010547 -364242816
-414928330 -876030764
509626709 -345811536
585914999 -768994955
-251868115 963076143
693953305 355678163
813479313 746863572
-671728078 271015270
740080808 -610774722
-118459509 -425433141
650668818 -716090677
35627568 -316640990
691398880 457739521
624091738 -515322212
-71318435 -469964137
-809742399 572287608
-898454682 355874998
-475576917 -318467704
508717055 343689824
798464690 -900033520
-566395447 -291744707
-611593181 63023489
882825339 167988464
805580155 470847873
38655472 -839959818
-376654279 -598733934
-937836634 701532302
541245235 -697601352
-691396329 -621680792
-534778734 -191617289
732283308 28405616
-726318865 -522241532
261048598 -651774037
609732238 -927016959
782420716 982996327
642851109 555787137
-599530465 -349930595
108093138 772773873
-344419762 638624894
-590046584 -469948493
-23861845 557041716
-273961479 -534885065
270112027 -932094921
307847011 -101787906
421760242 803395414
-500606854 541853426
235594753 -683358714
15709356 682664290
980998305 -378254411
290287635 292906562
-29389040 -570294067
-217742941 748005930
169900662 112917862
645159193 412542430
-193637772 -215070096
157214169 -906257040
760199497 -696307961
114851107 71490130
275284783 959061748
325099849 410025766
773659445 -250398654
233933616 26488604
-635023944 -466439739
34961031 678042465
853587288 -705046227
878719986 530174069
685910277 762508727
-594013719 682262898
-943815341 -14327901
269102356 112580831
-62758974 478631834
714185577 181580807
878893093 -713896811
-768622499 588864291
-417282727 124397074
-634841745 288467043
214146260 346535493
16269358 461519973
-59535245 6434162
62763451 105382392
-206825701 216496654
-553158424 603685365
692806990 -817826037
-396353545 325166284
407789244 -840656389
-802481060 964477709
-453889320 97651980
462854100 -778883780
216862746 -951150895
289499380 134261518
-242906052 -684106902
982173430 388491663
-799050915 -897344173
559010737 -567435670
-677127999 -71922702
866002104 -505201914
-28997683 -602283522
-773054911 626631485
7513283 973654116
-980734478 -628416184
-676029680 -167864920
-761125231 872480544
-525890514 264487016
-706716370 -795876322
-981355949 255468127
-191227451 -111177400
-98646361 211838957
928576842 -826661389
-388307026 -548498563
-926587080 -535141950
823361610 728465925
-312101656 -537561346
-143453976 -179095028
-131706635 -954062163
-559524971 73764673
-708779527 -648084966
535784236 138675648
-116923046 -86400936
512015329 799578728
64289653 147495680
557065170 941530951
-819150810 -789248348
-987035478 -238744144
-720713540 71104782
354289792 -47034241
730387164 420525963
188383237 -347338945
-16620195 -424905107
-557889807 -326622827
739017886 108646503
272695648 -257787557
-365581290 -361055818
-683295666 -573286334
-347671629 215594794
-177087296 779940496
-274159040 -610888173
-833181518 -35964410
-64202045 -52894822
-661881568 72254611
526092492 -770927242
-857842940 388370040
54321703 -93767765
-548033132 614762949
138083149 359295166
411057458 3981275
-654433993 43653157
3236915 139419499
-545666831 -519360988
66200264 -241954907
-225669310 822204249
-758734732 -289677939
-174953670 -14237031
-436359460 318283243
685713849 139058935
-183483572 -612521627
903663675 747547517
-916255313 -973932601
-942763395 -120280304
686953517 -581770304
380593846 851820729
736318101 -225651702
-423133568 -553773417
-271359629 133980824
-815431816 872199353
202409129 627677102
54880919 278217109
-265265346 -172890538
-790258472 819193688
-586243325 335625022
-345078684 12375479
747649055 -329728990
-365958088 795790122
56657758 153577010
939622416 192925866
-604928760 -33543180
366573299 687894239
-317405268 595039740
923060363 371794164
10074360 483254338
-489310004 -540851945
266200884 506927494
639542368 579931675
367349896 217172399
-914673889 306752653
-965516045 -538610875
-611163367 -326351040
909196891 57155554
328537138 -199168010
464339131 859210152
-612313636 -314241089
-155190280 989269101
76222337 -515002355
339448004 265152277
-489110399 237158061
-2699511 -903171034
-14728230 623581342
536022868 -917716741
-912404867 564203076
518574072 662967510
196892366 422496411
684152237 -634009028
162597000 366527456
-467444631 -287493678
700014532 -900103415
-719889517 -722841369
854252431 217686404
762413194 851651096
-182137069 -950867175
-495548689 -179414350
-428999439 893223965
-537047013 -129302948
439192515 -399559505
-598864613 927692034
-700191113 -974738899
-997965577 -623131468
529611274 874386284
-411068685 -447620942
-33735374 -440945488
-912580042 276744950
-322610394 -317882177
894843556 753017685
-690091075 984727840
385496810 6794332
-418627777 570890329
-649793205 -114062440
-636715244 657421585
590777039 -393495348
-110512932 912362405
208598689 -602195426
-902799723 -983573384
-897895453 140273094
-737000270 -68791154
536816757 796335486
446104018 4840238
-772298402 -867484835
-524884456 236442769
-19665859 129005588
980455893 847080701
926078647 -287569709
-206869484 168570105
219615952 139704392
-657906559 618896136
70678987 243584426
-629313723 -603975609
941549292 994542847
-241157634 708630654
680261885 688422990
297758922 65323363
-269644954 -898033778
846722260 -231761660
-182397881 -768091668
251869282 391946605
909416108 -986787329
-881700236 844111774
-329216325 -594268926
-635490719 401789939
400709408 -881929843
321048654 307908398
-97388353 -922697036
-265317359 88218124
-597920223 -593234843
183569262 -10745684
-513674961 12296550
-611089813 450000318
-314043266 -856403939
-932134240 -827272317
762712847 -175866635
28748336 870360364
-753009947 -192476545
491284503 559305929
-236317027 553688155
395735606 -118615573
298226473 -287007521
-286772435 261390691
778374845 -372645432
-789872395 -66750506
526754769 175788639
-712504469 -900610025
-64419665 -970974699
-351365550 61681095
-834093853 953756720
-66317932 245599296
693261188 -652581960
-264915024 956877394
983639001 -742331445
113434423 442877162
663452316 -897254888
698982644 459816797
-701161077 752280950
296741413 -18555062
18078251 834016357
-211371662 -954406148
321258818 144453657
-200980662 670090015
-879883195 -998135191
539176953 346354043
-454407763 952817155
564249744 -658326553
-753345119 827812170
-987083866 -690129930
-404759058 32667317
-996483055 -216537060
951964168 767400650
222274112 -409796061
233475942 25860658
-259722281 -378775164
790800024 -123864752
-197264213 819839542
-137400138 231029409
355529597 487239807
-460330790 104778695
180325212 -910523388
-256131753 524540126
581725092 359090535
-675271587 -330230918
-212349993 663556455
-675886047 -532685688
-849064405 67432539
-811173621 -516027414
31428696 40455232
154401329 18693335
592668553 28147893
-433007303 178369504
799270329 964703405
-969860609 -592602455
-934025367 319067797
582895382 -658204508
-743373832 -260771171
-235398005 -619993113
145899028 -147991931
-982826262 577071194
494513954 27991759
595921651 919239163
-506886837 -294737560
53290215 -714631808
583694666 -221971879
-884953814 -540567675
-739727895 -432090017
431185199 140478824
619271922 861507629
-93281204 -50448637
-956367730 231369555
-242429989 739229816
833670801 768335721
637459843 -839738628
517569894 -946322809
281888490 -182534942
-453066184 723577660
-129745406 499481677
-764804716 -956810428
-982217310 -210081590
-946641819 233071623
611340117 -76769506
515380295 -499646528
20259043 429185565
439488210 -723242083
367130031 -47289908
260297201 -32924539
586496476 -281349659
41457196 -550364857
-790019887 462457869
739626926 -624013762
265182865 562342237
684770483 456422471
152923439 -423677963
-325947234 -41359806
738268332 994162156
93269696 -450086769
401185864 -235999696
-38392627 406430977
43771540 -919909638
561503760 370986237
-506282097 -143600634
-526940888 -493501043
158028787 428611446
491850413 537133812
-656944949 732557455
-662023643 -487342898
772705934 354867121
-727088841 990910539
6352182 73359087
-207273995 -32125959
-176717094 -819796007
-571810241 63040044
-193663189 879655961
278833433 -858554325
143119489 -603304291
373390415 -647730399
358735183 212622138
661191253 554150776
-835128564 266306790
927116021 -927396017
-369695872 212456204
-330940546 87006263
-848231443 287022106
-129450871 -917248054
163158448 664511225
-93450874 859586753
109972430 890671831
819889083 -675417952
462565181 859666886
899506922 622187270
-676982941 -237343079
-486534789 261555879
-489207402 -169123677
778886571 -220560628
-334289757 -946773762
-134837281 -601066131
-969280375 528233672
-283923417 188507537
670884831 -234594247
-698275432 -4425843
932301040 -949830793
18995953 -243055597
-774297099 270210729
452625095 637371776
826961884 996217323
46621756 -252361485
-561831963 443712623
128821747 -454692596
-51863188 141521853
159109702 659299247
669883858 893034224
-640883398 776849931
64868674 82399351
-782020937 49022550
65802219 124233795
-820781567 -214546550
-28112631 -983987348
632790959 -156615749
-261908170 517544669
884405431 -997610045
-947977720 376553341
505345799 88586447
-173000252 468050572
-368037336 668953766
-117738539 591200728
-600975868 -492773661
575055869 509422529
406389322 -366825526
-881509876 148066129
-957401586 -631383093
-8917366 75044195
-987464483 75964876
-856664111 -675185798
-341621627 -961793294
940128492 6182339
560913247 -567465176
576740712 531761239
-550864963 -276593673
-102539031 -402810553
850914561 -134287477
-729564852 -357577786
-690853462 186564511
936285200 -279131060
-368440173 716309623
-620032310 180395610
-220763725 694695192
-703093450 768167810
-80948400 990924957
-351719967 277174803
-609812523 786031198
-305963883 540627283
-796763204 666709306
221781143 -638732304
-876334108 495120522
-826773992 384215872
-92552578 -764580288
346170671 508412950
938354063 -562971826
925012210 -36595573
77794253 -731948538
699809883 965964832
109081377 508051179
-206323607 -936653154
-453148028 322151634
665123496 807891305
-141955334 246229932
-912331739 883742351
-568149621 133933237
725031795 510585865
-227309422 -393390920
-999118843 -555122075
733661469 636842475
-683068530 650730146
110407016 -577478747
810000401 -306675728
583573300 426934440
-291038379 166281447
-548730319 -21921206
-44876923 828359301
596627118 18374959
-601412168 -274694308
-795784553 264756918
-607654203 118540963
871610164 388010084
-79943883 -839582601
424859666 -309125017
858865752 -29038240
282943680 -425841395
847912363 -309492798
611575494 -178508789
769509011 982636826
713084140 92009380
238854560 887573735
463196360 881045085
-470740287 165845763
-401305361 -399920814
115539142 314398398
-732261003 -562605941
-46202684 -668291987
-507778108 -83540809
-727913670 -982172656
-905076028 -752634141
39929591 992171001
-956617406 509411435
-211657975 47542524
247113366 -268029342
-993744328 497682441
520821459 196927290
467960565 -350754504
-386932048 -302247315
-880733120 -232679458
-116409775 174385847
-590093103 -463819336
-109422652 376494362
-838108106 467145517
931126871 609560269
-356419860 -528393600
-683201655 -662019903
-583500956 141693379
-310590424 -394701507
919494725 -339999113
-15635481 -330974662
-308632379 848298921
-349792671 140264428
-418525703 -180395274
599223318 752026449
-71964882 505929951
929801754 -302758018
-307443561 216832146
325887726 -261130786
-875824978 -418232742
818295331 -700379935
-67700106 75001336
31877330 892888465
-209383812 931030158
-126847042 833089350
617042343 -3795812
-518054568 -151984419
-104678813 -310467454
108779263 719491629
911230260 962493922
245799334 850062
712192773 -866073939
-140149193 -501320117
201861368 615972760
-533858320 685326294
487519540 -43646090
558379295 -889352798
-523497242 452605374
405533106 -839307536
892479104 395547880
602973933 -3639481
651151211 376217387
-114840880 -130583194
149030141 748052320
657051054 -889317104
-11739411 464290221
314040751 -283188220
-742921941 497516718
-918350206 209063986
143914308 -709235005
-590375641 -899498627
-154857314 -678356464
274078788 900968561
863024643 281042311
428458308 923962835
821448533 -663792417
-995193646 972274371
-468566079 -543805117
455801963 -573835461
322012661 -909429290
829953883 -26473702
-891305938 226079631
-638857924 251060056
995687911 -142784573
25126087 -733957392
773213602 -296625768
899436084 -63284131
204806506 218615682
-451476219 -262015403
-17366269 517317463
-621608997 725662664
-721746206 -786637050
34545084 489718274
719078405 900921324
-244229864 -120687426
683069668 -913513407
532223550 -916201790
951364915 212623775
-924542352 -277545833
66347048 549763317
793873010 524807302
-438327690 861226459
-8925379 -767641250
-886980587 -62779218
173628737 406400713
489187339 -250472731
502679943 -474515780
155224209 895307631
835153610 313265029
564712850 187547370
-515973813 -233659771
-232994904 533301569
808214455 743252807
-523580130 -947726211
-586057610 741186927
950895047 431003354
16585027 -510335084
-318099394 -28662924
696054292 -700406308
467965129 -681316065
-345252177 -871841772
-780630718 989299060
-984027355 21111301
556582920 978595460
-762478663 995892093
-756146353 751057078
-158536201 -308320997
-376412022 -963491561
-207381122 695548055
604610898 -528475197
813266039 -999439101
-426976358 372566242
-393127560 574519374
357197031 603385655
900588726 -641252783
-74689650 610446170
-432150946 -793120820
-437942801 -379478637
240166869 -75038396
290210861 -919430094
-895459012 588867118
546394285 -908532014
-787683863 -9371986
-400099482 -855077693
58589153 892933321
679880202 67638691
783857545 33102475
397052659 139737760
-472087864 529056388
-966901998 -579616875
-404849571 277975610
-102942649 574304888
-146657971 -986509730
-687965375 -475662401
-805636291 791873066
271085853 669471746
-392268942 -876125201
-725348432 146698521
-120442068 164686628
-421561207 725374768
-711591295 29364428
173291067 359779728
591311587 254416898
981529539 449912350
207870537 62644475
-368245913 158150069
-21057060 681010432
-793904371 -464582375
-526967842 -365586644
713155786 -313578469
357882171 -733305026
493455777 -119938236
-106426692 872427739
-995615333 710898439
-197487131 -453154357
-982107057 903520916
242970288 -188270319
-86263356 -542199976
-957950041 -106985347
-632273194 529024321
-413400578 817208726
611895626 285483743
356492058 -408033630
72643772 -229876015
78686008 -846003611
528755982 -14062037
811995396 -801641470
816993115 -322635707
-576864051 458447197
-960972378 -753550861
-498569936 551075988
-115512038 24745034
914757031 -346037485
95422832 474056896
-219728361 560501750
270268264 -748207343
321982723 -432407960
230773053 -556946873
721279959 263477475
61940788 122694361
-786368323 266851415
307625078 -512231250
-775994034 -319221145
-450364806 543741016
-387613846 -248622277
-123436344 314523606
-83729476 597635002
841925400 -706764821
679445627 261234355
-599719479 -486715599
-559074707 -784555689
-155094733 -54693178
-773930963 59375391
492263858 403090706
397245877 -586169724
622124052 -830235171
594830337 -404530558
747369459 392210945
-808587263 805711296
-904235358 -969857351
-326313797 -897579738
455044863 327393602
66132628 867731231
-171040828 779704013
333225593 -299079700
-633388204 -252159002
-741147149 822744304
-308586610 -482530098
-30061705 402028974
701830970 620253137
635303684 -280902775
-531120052 -376384437
-600650970 -238932264
918478531 447695313
-545881093 -456828879
-300057960 638511610
-606618771 -683628541
756374240 302903338
-132115984 55153202
206023455 -496172716
967351079 -873502461
14718979 240502630
652636638 857599184
-226264079 -585508482
186399739 532866976
-733174509 -930235632
566644826 -825082778
947631208 290235472
970371858 -499726172
-915287203 181791756
-496309652 105737615
-726385796 -846161406
-324401690 -20812934
672053801 278529744
344567477 -339807632
-810154928 -370418208
-327084640 -625891227
537032409 955087441
-189484179 -938331889
-137368787 257590386
723017809 578467405
185030250 -566699506
-87005786 -124367906
402689854 -739344742
-624818507 -657947567
220037364 -588948163
-161358793 600871263
-458774958 -669631044
548690611 -310414379
-369186362 566903088
-281035404 -933535592
922189603 -287832525
-636674934 4086275
-636203366 -100473729
744931443 898590938
-345488583 -373227155
591337714 748557624
-411682837 -170033865
-342742734 233014695
-112231523 -882277751
378125006 -485659778
-204722790 495521418
234691232 -938383678
753154232 -240168653
588648559 800797055
-474431735 700556829
-499407714 -987554110
332129700 -479498676
695006551 396032304
496165116 203955348
571051875 524404086
210852900 287828148
-363760998 -548077096
-100248947 -881615430
278773347 -753188198
336065335 -823444721
80923129 -55175382
223669135 -1998892
944085155 347233561
-55804657 534073133
-407190782 458954387
807175004 -747349993
-554190318 375728350
-748696258 936815502
-575079742 -643831618
-587334654 -998576486
-488071814 -467696470
-851065362 -693514845
-439862639 504414569
-337054152 -425379078
134194328 858802403
208220533 681421867
-924584383 324641465
-980428932 -314844432
-263238178 317887583
20810648 -698658881
995917308 -659906008
509703608 -356605332
-884540710 -221657024
-250295746 -156282937
596650286 -564086500
639158200 -794840739
-815406743 -955118104
-959633005 229328860
-914803223 -925947358
-635932439 526769351
228876362 -245544484
618345700 -133361132
-705956519 90538074
-479508026 806804294
-14466040 903347601
-18635130 214508485
-957433321 663878935
-469892438 -391242267
491455749 -326495192
-817393710 -103130849
256833734 -127715746
660161947 27068774
-5332097 366914857
406025179 179325089
511626323 -218644719
84477471 528862813
79260734 830630574
-383951858 -384876428
302109959 -763440720
-694007350 -7607275
-35649937 796718478
326950988 183292462
-538539017 695181791
-963966645 -173186277
712448192 -853097219
-10539765 -268045364
854252952 -450335892
493809679 329983696
-498115646 86766069
-18260743 584091431
859020683 447567284
-951754113 47017564
296978090 -596024884
-248394014 -733154872
-302929391 -448342385
662043607 607750545
-810175610 127144539
755295192 -34939760
722899245 772132127
518519044 961049731
-255473999 -883419937
689074787 877928161
51093375 497791083
339525749 -327699494
-414482902 218132831
-781564883 22938268
-498973621 266626858
161952678 38027466
140114487 -643732815
925745277 -995693964
