-1000000000 -1000000000 1000000000 999999999
500
-350442638 -350442637
568220162 568220163
753240085 753240086
-863721429 -863721428
430486966 430486967
-179196196 -179196195
-256564629 -256564628
-187878036 -187878035
-973876016 -973876015
981508231 981508232
999999999 999999998
999260402 999260403
-59179186 -59179185
655391921 655391922
283177440 283177441
29957849 29957850
-42124776 -42124775
-226873505 -226873504
448934552 448934553
993458120 993458121
517563476 517563477
701077630 701077631
155920128 155920129
631570211 631570212
193908661 193908662
-282437047 -282437046
133486957 133486958
377615137 377615138
-385836858 -385836857
-526714287 -526714286
-477128874 -477128873
354735955 354735956
443661735 443661736
-515057672 -515057671
355115050 355115051
-840569751 -840569750
368593531 368593532
-364988902 -364988901
-856976103 -856976102
-193523011 -193523010
468746543 468746544
246036116 246036117
-979012961 -979012960
-394237748 -394237747
880890886 880890887
787020851 787020852
196001471 196001472
787479319 787479320
-153126929 -153126928
-391123441 -391123440
675861732 675861733
76166052 76166053
71729668 71729669
-86635735 -86635734
-617567624 -617567623
305455692 305455693
848893775 848893776
-58063441 -58063440
203054378 203054379
-939318627 -939318626
120055427 120055428
933385385 933385386
537059814 537059815
-857415113 -857415112
308899028 308899029
-91585482 -91585481
-928305407 -928305406
-790975564 -790975563
-283788942 -283788941
740597744 740597745
-154091069 -154091068
-611121243 -611121242
694426511 694426512
70367315 70367316
620617567 620617568
-971714487 -971714486
-875328021 -875328020
-423171778 -423171777
567782470 567782471
-122873300 -122873299
853172308 853172309
-946281598 -946281597
-754908704 -754908703
-583663131 -583663130
245400521 245400522
944105466 944105467
431227405 431227406
-516805150 -516805149
-256061585 -256061584
-317013095 -317013094
-996874542 -996874541
964794535 964794536
-288682428 -288682427
601845537 601845538
987946658 987946659
870195856 870195857
42138605 42138606
-163196915 -163196914
-601550322 -601550321
-271402900 -271402899
337095523 337095524
-980008064 -980008063
-32190139 -32190138
-165053755 -165053754
592581247 592581248
-129870735 -129870734
-669982568 -669982567
434815397 434815398
-247416838 -247416837
-165432521 -165432520
-774967022 -774967021
-791216719 -791216718
804430310 804430311
209913770 209913771
832802865 832802866
981370010 981370011
428561154 428561155
582138253 582138254
334947102 334947103
-158739743 -158739742
-115599185 -115599184
-362174475 -362174474
-174297084 -174297083
-929015920 -929015919
-767488282 -767488281
-435737133 -435737132
887145042 887145043
954397494 954397495
-682207781 -682207780
-276317216 -276317215
439618048 439618049
-822925186 -822925185
344662368 344662369
-953402213 -953402212
-672082299 -672082298
444638433 444638434
407591558 407591559
-375532191 -375532190
874359894 874359895
739118545 739118546
586379431 586379432
-716004168 -716004167
-71517934 -71517933
-25167911 -25167910
7455237 7455238
804507771 804507772
-735271202 -735271201
634210045 634210046
540936560 540936561
-785744341 -785744340
-56167389 -56167388
-669526657 -669526656
-177753126 -177753125
-841860998 -841860997
-71663292 -71663291
107233221 107233222
924744174 924744175
886239502 886239503
687451446 687451447
-775947146 -775947145
-320427370 -320427369
40420098 40420099
-763297932 -763297931
631750539 631750540
-216240094 -216240093
882540480 882540481
-897245991 -897245990
-934692475 -934692474
226141438 226141439
615502187 615502188
677589933 677589934
480041119 480041120
-175251451 -175251450
-95406706 -95406705
-478089891 -478089890
20577325 20577326
-2535370 -2535369
-453533026 -453533025
838451456 838451457
-35089506 -35089505
170210754 170210755
-362635858 -362635857
286818714 286818715
-975528864 -975528863
75549981 75549982
-619648384 -619648383
871648312 871648313
-786852133 -786852132
443001478 443001479
485021604 485021605
667597768 667597769
255576177 255576178
-692583753 -692583752
-712479958 -712479957
526897082 526897083
-51324969 -51324968
544305150 544305151
-90829301 -90829300
-806610112 -806610111
746811515 746811516
34134805 34134806
279914873 279914874
-64504833 -64504832
-286903558 -286903557
961309150 961309151
-779879681 -779879680
26744984 26744985
848752208 848752209
-280803098 -280803097
292968773 292968774
-923237862 -923237861
-706531242 -706531241
-604429964 -604429963
136567125 136567126
112555242 112555243
858940960 858940961
906765945 906765946
-978207064 -978207063
-559395898 -559395897
117949564 117949565
-560090205 -560090204
990629357 990629358
-923687801 -923687800
-635937201 -635937200
-180326269 -180326268
-628039836 -628039835
988927226 988927227
-499982237 -499982236
173176282 173176283
-484415001 -484415000
538303424 538303425
976735696 976735697
923900140 923900141
966903235 966903236
-623687518 -623687517
445535114 445535115
489754462 489754463
-837476037 -837476036
558262869 558262870
611789505 611789506
-564089806 -564089805
-991483517 -991483516
-799770770 -799770769
-802865271 -802865270
864414458 864414459
-246483056 -246483055
221130488 221130489
614811533 614811534
-219229062 -219229061
458156807 458156808
418541852 418541853
531040985 531040986
-299189961 -299189960
-746055898 -746055897
525006434 525006435
-222301657 -222301656
-785262523 -785262522
-6371681 -6371680
-791183917 -791183916
706527809 706527810
343351121 343351122
-568486889 -568486888
986810083 986810084
717622137 717622138
427649776 427649777
470456485 470456486
-432204804 -432204803
767027243 767027244
854651556 854651557
-645202610 -645202609
972868197 972868198
607719738 607719739
-938015407 -938015406
-199555575 -199555574
-373486419 -373486418
932842790 932842791
-989619968 -989619967
193102148 193102149
-595483039 -595483038
-189201905 -189201904
-542993072 -542993071
52290899 52290900
-590821844 -590821843
-34128745 -34128744
-709574226 -709574225
862288872 862288873
8846662 8846663
-44378023 -44378022
-130715898 -130715897
9394983 9394984
-708611863 -708611862
-213507999 -213507998
283079600 283079601
620452152 620452153
123714106 123714107
-385659883 -385659882
-71644553 -71644552
-791471446 -791471445
-256714015 -256714014
732624106 732624107
967178393 967178394
-739859061 -739859060
949587442 949587443
-102858073 -102858072
-647208102 -647208101
357170507 357170508
-760610352 -760610351
-207855706 -207855705
364787526 364787527
118939550 118939551
-773826720 -773826719
-714887131 -714887130
334747250 334747251
998913709 998913710
-801553792 -801553791
198982470 198982471
334713346 334713347
658019484 658019485
-692731668 -692731667
-774740774 -774740773
325692386 325692387
-390685283 -390685282
16638601 16638602
854241028 854241029
-931416530 -931416529
7872572 7872573
-637466797 -637466796
-641964183 -641964182
-728558024 -728558023
991019273 991019274
-9326501 -9326500
-319615731 -319615730
930426774 930426775
339272970 339272971
126011599 126011600
-826389506 -826389505
-707031390 -707031389
-795497351 -795497350
352208686 352208687
460801452 460801453
-690401027 -690401026
647093272 647093273
-524747726 -524747725
171434722 171434723
209363384 209363385
331709703 331709704
244493952 244493953
293089439 293089440
102456295 102456296
-469195267 -469195266
-660904819 -660904818
299674719 299674720
93800616 93800617
317424155 317424156
53392877 53392878
-391335799 -391335798
620380331 620380332
739747725 739747726
-370875456 -370875455
380657486 380657487
-906786909 -906786908
-462814270 -462814269
373330981 373330982
823233970 823233971
-185352136 -185352135
692538039 692538040
629615675 629615676
-360007889 -360007888
32949319 32949320
882795847 882795848
297719492 297719493
-622318574 -622318573
114093224 114093225
-704817290 -704817289
779988155 779988156
-536768089 -536768088
-622724474 -622724473
82055445 82055446
-422214384 -422214383
-579082370 -579082369
605360410 605360411
628927761 628927762
98594861 98594862
-990893823 -990893822
526943261 526943262
355020336 355020337
297181171 297181172
123689042 123689043
981762812 981762813
365886024 365886025
-839221930 -839221929
-793219566 -793219565
563088502 563088503
-833073005 -833073004
132317289 132317290
-24108251 -24108250
331454307 331454308
-450339531 -450339530
933037477 933037478
-706076754 -706076753
15699660 15699661
814317776 814317777
-500867672 -500867671
-166038674 -166038673
-448659619 -448659618
412261262 412261263
-194797157 -194797156
-182718998 -182718997
293759812 293759813
161330401 161330402
-358387679 -358387678
-572608595 -572608594
-306469536 -306469535
-404366684 -404366683
474821047 474821048
440508207 440508208
766281877 766281878
439086659 439086660
-44662242 -44662241
-535076116 -535076115
65416512 65416513
-405308894 -405308893
-665398791 -665398790
-573370511 -573370510
-762807477 -762807476
-914371689 -914371688
-318522631 -318522630
298801294 298801295
746154052 746154053
598638142 598638143
675983198 675983199
-862314150 -862314149
-67232986 -67232985
327491991 327491992
-699874932 -699874931
515487375 515487376
164927562 164927563
-609965457 -609965456
530794214 530794215
282355638 282355639
-569446658 -569446657
-936912367 -936912366
-19728360 -19728359
694770709 694770710
-133928751 -133928750
136263484 136263485
422515233 422515234
828472750 828472751
-244293389 -244293388
957618758 957618759
-33822787 -33822786
350195666 350195667
-768820383 -768820382
-275285368 -275285367
208261165 208261166
750684434 750684435
-716543628 -716543627
491020002 491020003
-975248444 -975248443
973825378 973825379
-133375954 -133375953
642709232 642709233
791068684 791068685
782197318 782197319
153473289 153473290
-381237587 -381237586
110427980 110427981
-775944452 -775944451
-881400925 -881400924
15209104 15209105
407732531 407732532
-699053657 -699053656
-592870660 -592870659
-678398334 -678398333
-322542864 -322542863
756711671 756711672
457565184 457565185
-369394644 -369394643
-783927441 -783927440
-174726648 -174726647
-328735187 -328735186
-680525939 -680525938
-545507502 -545507501
671378043 671378044
-940778675 -940778674
27913628 27913629
143633391 143633392
564168433 564168434
163638077 163638078
-17965264 -17965263
-906552423 -906552422
-277217719 -277217718
677904390 677904391
975022066 975022067
444058621 444058622
-132072225 -132072224
500375010 500375011
-676732750 -676732749
521961020 521961021
-641565862 -641565861
