-250 -124750 124750 250
500
-381 186
-464 17
-314 346
-384 397
-335 245
-67 177
-385 252
-414 325
-366 164
-115 38
-42 436
-421 374
-306 386
-52 225
-198 480
-450 305
-186 273
-53 454
-495 459
-235 211
-123 161
-212 139
-151 323
-313 73
-59 364
-114 215
-197 406
-101 413
-496 498
-238 399
-27 7
-233 210
-173 391
-78 12
-137 54
-106 393
-239 338
-139 185
-435 195
-103 347
-432 341
-118 249
-254 223
-272 253
-434 489
-376 292
-179 455
-369 444
-169 51
-75 424
-277 422
-406 170
-134 206
-154 358
-71 182
-252 217
-30 102
-294 400
-207 84
-189 359
-472 166
-365 14
-351 260
-209 295
-451 83
-68 99
-492 447
-17 43
-90 207
-34 433
-474 384
-216 141
-287 183
-424 145
-271 298
-160 367
-279 196
-485 239
-50 125
-391 356
-51 47
-419 57
-127 119
-236 342
-141 272
-230 86
-143 19
-174 134
-25 404
-255 486
-224 392
-302 75
-39 90
-317 178
-121 315
-447 49
-409 181
-205 96
-387 420
-367 418
-263 464
-128 158
-133 60
-462 281
-328 91
-300 247
-440 200
-442 415
-122 307
-104 131
-257 306
-373 497
-253 180
-488 442
-95 375
-20 147
-316 387
-124 220
-178 401
-157 265
-465 439
-55 235
-77 350
-412 462
-305 118
-150 352
-8 138
-232 202
-46 324
-377 116
-96 379
-246 82
-301 143
-181 213
-283 18
-85 294
-80 208
-65 142
-81 50
-176 423
-378 481
-291 214
-484 233
-87 109
-426 414
-155 226
-433 173
-208 344
-480 42
-415 440
-225 37
-242 222
-307 271
-297 257
-270 68
-111 111
-268 79
-108 389
-292 160
-74 313
-498 449
-281 310
-400 429
-275 40
-443 4
-117 410
-214 149
-28 241
-489 121
-129 432
-261 33
-290 194
-116 204
-45 394
-470 243
-219 451
-1 123
-152 140
-125 274
-138 290
-18 201
-131 300
-460 468
-436 124
-425 254
-32 319
-454 251
-251 29
-420 192
-343 172
-330 403
-15 328
-7 409
-163 369
-265 244
-497 45
-167 485
-319 474
-82 41
-22 309
-142 26
-57 36
-356 431
-60 483
-280 277
-64 488
-217 262
-310 113
-394 28
-72 27
-190 378
-156 24
-6 332
-347 52
-363 371
-338 492
-422 66
-227 291
-296 175
-266 327
-259 198
-159 494
-145 376
-309 230
-491 472
-24 289
-482 293
-262 441
-267 466
-48 56
-427 286
-37 465
-499 120
-185 445
-438 438
-237 16
-182 330
-91 32
-463 301
-344 473
-11 345
-172 435
-2 457
-402 159
-4 152
-336 470
-5 250
-325 126
-144 234
-334 103
-448 425
-453 97
-476 190
-16 221
-486 269
-299 407
-56 402
-196 333
-324 224
-341 331
-411 467
-73 156
-113 335
-126 197
-35 95
-229 48
-490 339
-234 8
-399 62
-171 461
-184 80
-183 398
-389 456
-342 22
-318 157
-146 314
-413 93
-58 372
-97 135
-218 59
-326 303
-201 115
-483 360
-195 107
-245 98
-304 299
-361 476
-418 169
-289 282
-487 411
-333 108
-320 355
-258 55
-243 88
-112 383
-345 129
-162 71
-222 349
-248 132
-54 106
-105 188
-348 478
-331 446
-36 31
-353 219
-264 280
-375 203
-210 353
-477 232
-94 334
-274 101
-401 490
-379 64
-247 44
-88 25
-455 317
-372 361
-382 242
-165 20
-213 297
-79 362
-452 100
-468 130
-147 155
-9 496
-368 240
-220 450
-355 15
-273 236
-332 10
-23 427
-250 74
-221 453
-231 326
-83 469
-10 67
-193 227
-161 458
-408 340
-26 390
-417 448
-327 77
-66 395
-148 320
-244 105
0 259
-136 153
-284 255
-364 388
-260 87
-403 110
-240 167
-466 348
-398 452
-191 363
-380 304
-456 117
-203 416
-12 321
-249 270
-153 61
-323 460
-346 283
-282 495
-473 112
-99 179
-164 150
-339 0
-170 21
-206 261
-100 322
-69 144
-13 267
-322 6
-469 9
-175 278
-228 136
-92 354
-467 154
-410 426
-19 11
-256 421
-3 3
-430 176
-119 479
-132 165
-439 231
-312 493
-223 318
-437 199
-390 92
-41 279
-211 256
-428 311
-478 133
-70 187
-62 377
-383 174
-441 337
-445 72
-395 487
-76 65
-404 373
-177 499
-202 336
-337 238
-86 35
-199 368
-109 381
-493 316
-38 189
-315 69
-285 81
-311 370
-308 412
-352 193
-479 343
-393 78
-276 477
-29 76
-416 484
-358 184
-303 94
-471 162
-31 104
-21 148
-102 463
-360 312
-269 137
-166 351
-298 437
-40 276
-354 1
-84 30
-286 229
-459 191
-120 53
-226 419
-392 365
-98 151
-149 382
-135 357
-61 380
-405 5
-215 302
-429 475
-444 228
-288 430
-458 284
-321 2
-89 408
-47 396
-168 491
-362 288
-200 275
-140 39
-49 434
-192 85
-107 209
-397 58
-371 263
-130 471
-461 70
-431 246
-295 308
-388 205
-481 366
-386 248
-457 128
-370 296
-63 385
-494 237
-357 13
-407 482
-110 218
-44 23
-350 266
-180 46
-158 127
-93 428
-204 34
-33 285
-423 405
-278 163
-340 171
-14 443
-449 168
-396 212
-359 287
-374 114
-187 268
-446 258
-241 264
-293 146
-475 63
-349 417
-194 329
-43 122
-329 216
-188 89
