-2500 -12497500 12497500 2500
5000
-966 4004
-4827 3204
-1060 4687
-558 676
-3475 4845
-2417 16
-3387 3107
-2089 4017
-1651 39
-3628 1424
-3003 4278
-3961 4388
-2666 1096
-3927 1014
-2377 3313
-1015 1237
-4906 1917
-1844 2471
-1560 2537
-3268 4424
-1935 135
-1804 4646
-1484 802
-905 1320
-2552 4197
-1945 2277
-2259 1449
-2835 2334
-3970 3853
-960 2606
-4362 3710
-1125 537
-710 745
-4911 3141
-3741 3886
-2174 2614
-2216 1748
-2152 3482
-1544 2306
-4837 3193
-2244 816
-834 840
-2128 4597
-2943 3497
-1952 597
-3407 3442
-4172 3174
-2941 320
-1730 4972
-4928 747
-2132 4816
-2821 3603
-474 4736
-436 664
-166 2400
-2575 872
-4903 4554
-1365 757
-4386 1787
-3196 2793
-3275 3571
-2395 3520
-4559 641
-1743 555
-785 1793
-4140 710
-972 3627
-3043 2893
-2729 2380
-2993 4199
-1877 3680
-728 1052
-238 2909
-2354 2379
-386 229
-2815 1417
-3597 3802
-4485 2556
-1928 955
-2965 2630
-1172 3697
-3660 985
-1377 558
-1784 4436
-2169 1217
-4336 1696
-855 411
-696 3827
-2610 1818
-2396 4170
-10 1375
-4984 4804
-887 1167
-3990 395
-2407 4803
-2113 3505
-3768 4456
-396 1499
-4036 3657
-4619 950
-183 3156
-3278 2760
-1721 3795
-1604 3778
-2429 2474
-487 2843
-2861 1061
-3122 175
-4209 2777
-2715 3643
-2376 817
-4063 34
-4725 2632
-83 2736
-3589 4752
-3963 306
-3877 4639
-4818 1228
-4838 3232
-3775 44
-4436 4056
-3535 3540
-2476 4680
-1678 1600
-1098 4934
-3459 4969
-1961 3646
-949 491
-3439 346
-4594 3580
-1891 3325
-2752 2091
-3376 2969
-2064 2858
-2018 3298
-4800 4794
-4615 3953
-779 753
-964 1349
-2770 2206
-2543 1328
-2084 257
-2378 3053
-4021 1938
-2541 2917
-4167 3128
-709 2516
-1416 4674
-1349 4915
-2591 4965
-2287 2327
-159 3743
-3523 1005
-3817 1652
-577 76
-2007 2281
-1749 25
-3862 2615
-3903 2292
-1836 29
-4311 2588
-1654 2097
-1055 429
-365 2629
-2730 347
-76 3784
-339 4000
-810 2310
-3182 4340
-3732 1514
-442 3804
-532 4612
-1329 4077
-3715 2149
-1860 1347
-4010 3522
-652 4035
-1968 1883
-3463 3297
-3505 4866
-3918 1586
-2956 422
-4552 2507
-2172 4825
-2408 1226
-1214 4229
-4489 4843
-616 4992
-740 373
-4718 1851
-2991 472
-1755 2364
-1185 4679
-2475 2077
-3624 2861
-1817 3272
-626 2272
-2053 1392
-4221 2768
-948 790
-4450 2955
-3575 848
-2319 4592
-1987 4644
-3470 1859
-3689 898
-3474 3346
-3908 1170
-1781 305
-79 4256
-2091 468
-157 2509
-1431 3617
-1512 2338
-4616 4566
-2298 2925
-1610 3974
-1150 2233
-2349 1729
-1482 4564
-3607 2442
-3228 4061
-3742 58
-1603 3634
-3136 3826
-47 2153
-2580 218
-2664 890
-4322 4135
-3880 1715
-645 4008
-4106 302
-2640 614
-1710 569
-2002 3488
-1265 2158
-3447 1613
-1893 657
-4740 534
-2570 2179
-864 617
-1852 2068
-3600 2548
-2180 3356
-2302 4884
-1304 1625
-3402 911
-3661 1901
-640 4453
-62 2696
-754 2475
-3295 2692
-4581 4704
-3937 1281
-1881 3186
-952 4511
-675 2431
-2812 3583
-1796 1100
-1089 1146
-363 4903
-1829 951
-3480 3916
-819 570
-4181 2914
-4198 2826
-1341 2515
-745 4857
-2673 4052
-4572 3641
-38 1095
-3841 4064
-2963 578
-2041 2932
-3375 3252
-4297 1400
-128 2550
-3995 1141
-1805 4018
-2279 1169
-1024 2326
-3626 4107
-153 1873
-451 3968
-2013 2353
-410 845
-4845 3536
-250 1445
-3747 2015
-2375 568
-3881 2194
-387 516
-2940 656
-3147 966
-923 814
-484 3269
-437 4322
-563 574
-4961 3231
-4459 4995
-711 689
-495 4331
-2443 4164
-4745 778
-1029 469
-3609 1078
-526 887
-4558 4809
-1901 1270
-1348 1301
-4613 4627
-4550 3887
-2 406
-3035 3857
-2437 2248
-2141 1698
-1111 2517
-4762 2607
-1120 2870
-4709 1264
-3659 4952
-3662 3624
-3430 90
-1243 4272
-1583 4678
-454 1959
-3578 497
-2937 2804
-1563 804
-822 462
-3239 4556
-4215 1263
-1046 2985
-4974 2913
-581 4730
-1394 4591
-1317 771
-3360 3254
-1200 1103
-4428 2642
-2303 3958
-3925 4849
-1552 4900
-2563 844
-162 732
-2847 3061
-3787 4738
-1529 2771
-2954 1753
-2268 4781
-2728 2305
-3422 2710
-882 2076
-698 290
-3496 2526
-397 3769
-4934 0
-3989 1830
-926 2354
-1050 3949
-3225 2307
-748 471
-1332 1433
-737 3777
-1495 1754
-2807 1982
-4850 2605
-2567 2535
-604 687
-7 4283
-4408 2600
-4751 2780
-98 1565
-1887 792
-2491 3375
-3386 3009
-441 4971
-1382 4088
-874 3259
-256 1136
-3767 91
-919 2141
-4200 1993
-2436 1779
-4924 1874
-702 530
-4387 4112
-3276 4706
-1260 3080
-2825 288
-2026 1216
-3994 3570
-3255 2308
-2515 4359
-369 1033
-2323 524
-4793 3067
-1621 1679
-3774 4769
-4930 3814
-4871 2070
-1682 2936
-1501 33
-3005 1780
-3471 446
-2999 435
-4886 1756
-1366 512
-104 2128
-727 3937
-1811 1585
-85 3904
-3487 2569
-3318 822
-3129 3251
-4755 1152
-1865 376
-1315 551
-3331 1181
-4667 4442
-2509 4418
-4644 3542
-3468 3084
-3835 4828
-570 2470
-4026 3124
-4060 4098
-4013 2020
-3510 1937
-2791 4578
-3217 1908
-2372 1346
-3128 3318
-2182 4796
-3363 3543
-439 2342
-1670 75
-2731 438
-3368 1955
-927 4576
-582 1794
-3882 4970
-3285 4139
-4425 1560
-4478 4460
-2771 1523
-514 2173
-4285 2691
-1798 1876
-510 2867
-1591 2619
-4295 1555
-3141 3081
-3850 1373
-3529 1218
-1063 4817
-3336 4357
-2161 4247
-208 553
-3099 4149
-2766 1032
-4801 785
-1261 366
-4736 4667
-697 1251
-3873 904
-2737 3781
-1585 677
-2364 2315
-4873 4443
-1900 1880
-4490 270
-3858 680
-74 2162
-3163 2921
-2980 2754
-4723 1308
-2885 4790
-1655 3459
-3889 1041
-2897 159
-4136 3476
-2677 4055
-3441 3579
-2370 637
-2326 273
-3190 1015
-4101 678
-4609 2937
-527 825
-3348 3414
-80 2224
-3818 2880
-3040 1986
-3100 1485
-2833 653
-2606 1164
-2320 2529
-14 980
-1500 4590
-2074 3063
-3339 1592
-2903 367
-571 4821
-1041 2997
-4773 155
-4821 2586
-3259 1345
-2097 2082
-3233 832
-1 994
-1415 1985
-3179 254
-549 4257
-705 1321
-1664 1536
-2425 1173
-3744 3121
-4149 1890
-3172 3639
-129 2776
-30 1931
-519 2417
-3966 277
-2724 4762
-404 3877
-3528 1639
-914 2477
-2750 1455
-1399 193
-978 2044
-1834 1113
-1867 1391
-1271 2212
-986 3092
-189 827
-483 4937
-199 4244
-2586 1363
-4826 4593
-2988 755
-1108 3413
-3476 3926
-274 2802
-2693 1344
-1193 1866
-4963 2107
-1962 2066
-1842 2215
-1250 1627
-2463 3461
-1296 3650
-680 2177
-3542 798
-320 3218
-4942 191
-2274 4488
-2059 1740
-2501 4641
-2494 2510
-4509 1252
-1373 4067
-1453 1964
-4626 3616
-2293 4127
-2957 452
-2974 2362
-2517 4452
-826 4477
-445 3882
-3646 1073
-4843 6
-3310 4364
-476 4196
-4190 1863
-3899 2295
-586 3045
-3395 3770
-2243 1948
-669 2176
-4822 4529
-75 3935
-3550 209
-636 1489
-41 718
-3545 2775
-1396 4267
-4686 182
-1966 795
-1033 138
-657 2156
-4733 118
-2536 2562
-3643 124
-3721 4232
-2191 1211
-2162 66
-4638 4406
-1452 1282
-3876 805
-1075 1454
-4351 4871
-1598 1291
-1905 4493
-4735 577
-1020 679
-617 3610
-619 4951
-2763 2346
-2117 3486
-2887 1190
-764 3096
-123 1031
-2050 495
-4656 2280
-1713 4539
-4104 3908
-2246 3997
-955 3116
-3317 3824
-3874 4472
-820 915
-1919 3647
-608 3913
-890 2934
-2385 3417
-4996 4192
-475 871
-3570 861
-1458 901
-4849 1128
-407 2401
-595 4366
-598 4499
-1973 4958
-4162 815
-3972 1556
-2751 3959
-1306 1111
-1849 906
-4225 4788
-883 2952
-1983 1632
-2263 1846
-105 2689
-1156 1868
-3240 2957
-591 2889
-2893 227
-4284 1660
-4714 4880
-3563 4757
-4272 2245
-1693 2947
-1688 1035
-2460 3840
-1897 4160
-1899 917
-2900 278
-3848 3652
-170 4504
-4128 3952
-4981 3803
-2328 4922
-2836 3383
-2922 928
-1039 3588
-1136 2265
-4405 1801
-2393 82
-4902 3343
-3095 599
-3987 4837
-1364 909
-3054 2836
-366 3248
-101 190
-4922 4391
-2024 466
-2622 32
-904 2116
-2427 1663
-611 1081
-4952 2001
-3181 352
-3010 4973
-221 4081
-3890 3451
-2762 3584
-2793 3969
-266 806
-2389 1723
-1313 1798
-479 77
-4126 2980
-2743 172
-81 3421
-2431 408
-3299 4167
-2952 2209
-302 4947
-816 684
-3629 2763
-4227 1865
-359 2855
-1439 1049
-829 4543
-2553 4076
-3672 4021
-547 2977
-3327 2633
-3537 4022
-854 999
-4226 4999
-180 4467
-1616 4659
-3324 4782
-3224 1650
-3690 702
-1750 1550
-2006 3270
-3676 3023
-4105 899
-1856 238
-344 4963
-4683 2080
-177 2840
-3170 912
-4043 2351
-615 1008
-141 473
-2932 1742
-1575 4770
-3553 3490
-280 1601
-2683 1084
-2510 3202
-3374 1202
-2315 1675
-4948 3555
-1769 4789
-4098 3846
-462 2785
-4788 225
-144 1481
-1434 3309
-679 3911
-2527 2620
-1233 4705
-2086 4150
-4146 3264
-3915 1892
-1526 2583
-1385 2054
-1178 2640
-535 1844
-3073 4647
-2883 3278
-1019 3535
-3424 3125
-4186 61
-1809 1808
-2823 2663
-290 885
-3082 4066
-3249 2320
-3620 4685
-2618 3586
-2818 412
-349 2945
-2480 4671
-1112 4440
-771 4023
-63 2951
-4794 3660
-154 1109
-1649 4114
-3412 3499
-612 1088
-3114 560
-3668 4473
-1213 3565
-1698 4946
-415 1850
-3913 3939
-4717 4506
-2617 2695
-4183 1578
-4087 556
-4945 4874
-1083 4833
-4978 858
-520 4708
-2672 3514
-502 2950
-3064 1771
-4799 4471
-1155 69
-2083 361
-4493 4742
-3601 2183
-70 4387
-3434 2404
-2209 31
-683 128
-3355 4739
-3943 4151
-310 4033
-3504 4567
-1084 4215
-2648 392
-3350 1102
-4492 425
-17 3950
-3403 3207
-4011 3732
-3457 3169
-1442 4433
-4356 4040
-1631 2271
-4066 70
-2848 2788
-1562 1165
-3469 738
-3320 3320
-1249 3446
-150 1279
-3042 2029
-653 3396
-642 4634
-2438 2221
-3933 3474
-1409 1507
-1355 528
-3473 799
-4786 3702
-806 655
-4384 3808
-524 957
-3300 813
-2251 400
-906 4432
-2012 1174
-2933 4913
-3945 1004
-2500 4585
-3062 3032
-1892 632
-685 2575
-3016 3357
-929 1056
-1215 2122
-1611 2679
-4071 1225
-332 3487
-1917 448
-1728 4655
-3912 1671
-3168 1806
-1480 1557
-1535 914
-2134 1312
-3587 3075
-4636 4625
-1764 264
-4778 3012
-3844 2216
-4000 4191
-594 443
-4175 2205
-4739 4429
-2629 3412
-412 2988
-3965 2303
-2709 3972
-2921 666
-4839 22
-2147 1746
-3579 2770
-844 869
-3486 4274
-3822 3750
-4608 1259
-4077 1196
-2532 2636
-69 3106
-461 3637
-4893 2584
-1508 4131
-2325 4838
-1792 919
-597 1043
-4938 2648
-4125 198
-3826 1462
-2653 2514
-4764 1036
-4214 3422
-4237 1091
-126 4288
-2995 1085
-330 4552
-1298 810
-4583 1939
-647 3361
-933 4855
-4575 4316
-3414 1760
-802 4026
-1549 595
-4891 4469
-2981 4059
-2467 1548
-2810 3170
-3786 430
-2659 1933
-1638 2192
-220 2439
-1955 4386
-540 4034
-3396 117
-1686 3625
-3687 3385
-1691 3548
-3530 63
-1194 3149
-2198 1980
-3820 2411
-688 4928
-1465 2112
-624 1710
-4634 4214
-950 3065
-3709 312
-216 2751
-3696 1751
-4573 4181
-4434 1436
-4670 2312
-1231 4143
-2915 2055
-2123 510
-406 1415
-2031 977
-1045 4202
-2756 2220
-3902 1309
-1486 669
-584 4338
-119 2726
-592 2715
-1729 2720
-3520 1207
-370 4619
-4346 812
-204 1990
-1876 3167
-3502 1197
-3086 113
-4471 4996
-1353 275
-1930 3905
-1632 3672
-2868 1459
-4168 1702
-1680 1068
-908 1016
-2946 1673
-4433 3373
-809 1223
-3070 593
-413 891
-2654 1852
-2095 1898
-2590 3656
-627 4101
-3569 4512
-1073 2196
-39 3720
-4947 793
-1802 908
-1970 4785
-4965 2659
-1539 2432
-2632 4719
-554 4217
-3697 730
-1129 4755
-1506 4950
-2782 2497
-4006 2935
-3727 4087
-2485 4030
-2211 2258
-4504 4241
-565 417
-242 2734
-2550 3498
-3671 511
-4414 3098
-137 2257
-4869 4411
-1028 1566
-3797 3324
-213 4892
-4991 3464
-1483 4917
-2896 2527
-1372 856
-3051 4484
-2405 2093
-589 2623
-2528 364
-2542 3162
-2100 3746
-1247 3596
-925 1210
-2105 2888
-2269 913
-3097 1662
-969 4938
-681 3980
-1668 2655
-4291 3333
-2605 1995
-3267 3392
-438 2920
-1387 294
-3906 4514
-3509 2601
-2336 397
-3353 456
-2126 4409
-548 2131
-4521 2396
-2252 212
-3678 2412
-991 4393
-1782 1377
-3341 3249
-1913 2208
-4539 784
-1566 2181
-3250 540
-1718 4057
-1920 341
-4317 217
-4999 997
-139 3056
-781 242
-788 2682
-4323 4861
-3764 4887
-2183 2409
-356 481
-1925 1238
-1513 2430
-2484 2756
-1320 2394
-2938 2700
-1438 1765
-2092 1488
-2465 3453
-3160 2822
-2685 1452
-1553 4392
-1825 97
-2060 78
-894 4254
-3849 1287
-3851 2866
-1455 1192
-2990 3335
-2609 2506
-1437 4369
-2080 3633
-2681 3035
-1704 3059
-2466 692
-3556 2032
-1949 370
-3388 2622
-1767 2846
-539 3085
-2266 3615
-4044 251
-2778 1257
-4611 3666
-136 4894
-1374 2656
-1883 3355
-3846 4348
-4618 2125
-4602 4964
-2736 4859
-2489 3692
-875 4537
-4173 4310
-3365 2643
-4277 4697
-116 3196
-2674 2722
-4005 1772
-1126 3244
-73 2570
-4133 2800
-4012 2204
-4329 1233
-2276 421
-1886 1248
-1070 1789
-340 4284
-2726 4123
-531 4645
-825 1734
-2439 116
-2620 1386
-1091 3891
-2797 279
-2008 4643
-2890 2133
-3491 1086
-3606 334
-4296 808
-179 3100
-2415 122
-1400 3341
-2628 1079
-3112 2551
-994 3605
-4534 4038
-3499 369
-1979 372
-4100 4344
-2505 857
-3654 3945
-4783 1954
-4731 862
-4325 3339
-4495 4879
-4144 3604
-694 2229
-4879 1484
-453 1605
-1044 3295
-1561 4686
-3022 285
-4123 1058
-4484 194
-1639 2795
-2457 3394
-4916 4091
-2399 1888
-4694 2911
-4112 3028
-3759 1161
-760 3568
-4746 2644
-2548 4615
-1884 1367
-4607 4618
-1188 2458
-3157 3948
-801 1767
-686 3293
-4396 4466
-241 2030
-1226 853
-4057 1596
-804 1101
-1542 4306
-2265 4240
-1466 1571
-1738 1332
-3959 3807
-2390 15
-2218 4522
-3977 4984
-674 2635
-26 1360
-3541 1559
-232 3890
-3737 3314
-1833 1981
-3847 1515
-3210 10
-3456 3735
-3802 3833
-3836 1066
-3801 2278
-3427 3017
-2544 4689
-4130 4426
-1873 2425
-18 47
-4171 3686
-3674 834
-4912 875
-1596 4231
-316 3563
-4864 1119
-638 3237
-3120 3105
-866 4840
-2496 1159
-1522 101
-3242 1699
-944 4454
-3251 2546
-3595 1353
-1159 27
-2200 3441
-2082 19
-2016 265
-2311 4513
-2880 2075
-2017 2824
-1714 65
-200 458
-1047 4326
-3135 2114
-282 298
-562 4449
-1206 3209
-651 993
-3924 996
-2899 4412
-2551 1960
-4593 3135
-142 332
-865 3768
-3514 2641
-3358 2949
-1720 960
-4758 1922
-3404 3256
-2369 3982
-4109 1142
-3096 3645
-1292 2875
-1245 1659
-3226 4779
-4586 2373
-450 2561
-3001 2553
-4797 4528
-2816 843
-4696 216
-4898 3513
-4767 3668
-630 3427
-352 4721
-2832 2837
-4409 3401
-3006 2990
-3920 3166
-1124 2459
-4627 2441
-4860 2806
-3622 4276
-3930 3642
-2087 665
-1275 3526
-921 921
-3294 768
-3546 3370
-2806 3250
-263 1180
-4056 2410
-3932 1629
-3094 2189
-4067 1692
-4931 2674
-529 3004
-4314 786
-3819 1803
-1066 3478
-2811 1529
-4704 503
-3207 3838
-4753 4544
-1543 3217
-2582 4617
-224 4732
-2397 3246
-4820 146
-656 930
-4203 3848
-4811 1722
-4707 1024
-3420 2058
-2482 4715
-3711 2374
-4677 1530
-2046 4462
-551 1732
-2614 3961
-1862 4122
-3280 384
-3344 3484
-1186 1674
-3602 4408
-3617 4666
-1709 1521
-1446 2850
-4053 2266
-2718 2197
-3808 2419
-2675 4328
-4340 774
-3665 4134
-3418 4228
-321 3025
-3231 1501
-1395 390
-3950 4723
-1423 2456
-1831 725
-701 379
-4766 1958
-1077 1718
-720 4048
-1590 4458
-2032 509
-3477 1046
-2473 4324
-2340 4977
-4464 1819
-3581 14
-3245 3479
-1997 4415
-3648 3560
-2309 3062
-2421 4141
-4498 3921
-3044 3855
-4970 1997
-3731 3048
-226 2919
-4507 2455
-1160 326
-2296 59
-3411 3733
-449 1131
-1492 2992
-1510 349
-2776 474
-4875 2047
-3448 3872
-3973 2273
-3123 3292
-3682 554
-1195 1871
-135 259
-4266 3082
-1168 2876
-3865 4492
-4982 4486
-3108 4568
-4449 508
-3194 610
-4169 1849
-2783 4501
-4210 2592
-4770 4089
-1133 3622
-172 681
-2043 1604
-2931 1490
-2521 2967
-576 4168
-2910 2792
-4466 3395
-850 1508
-2398 2982
-2272 1354
-3649 3884
-3080 1824
-1723 1394
-1363 3138
-773 1022
-892 3794
-228 3432
-857 970
-976 515
-572 4441
-835 3271
-1013 1443
-1941 1520
-3161 3382
-1339 2595
-744 2457
-1837 3662
-4319 3632
-4674 643
-2299 936
-2706 402
-4048 4672
-4254 1378
-600 2908
-1754 746
-3265 1945
-4741 924
-841 2269
-2867 1589
-1462 2704
-429 1463
-687 131
-4589 721
-2289 3751
-1835 2336
-1326 3172
-4307 3308
-233 842
-223 2986
-4738 761
-3221 4611
-4895 3648
-19 2571
-1705 475
-4819 3782
-4417 2268
-1059 230
-4212 1811
-20 2043
-798 2060
-2382 377
-3254 3561
-684 3429
-970 3235
-335 3922
-1238 3562
-1352 2096
-4792 1783
-4892 1857
-133 2178
-1404 3973
-1048 3623
-4423 3942
-2284 252
-4230 639
-1092 4897
-689 1691
-255 4173
-4474 1383
-1675 3799
-1635 2686
-752 35
-4941 1003
-1923 4737
-3656 2918
-171 4479
-856 3351
-837 2450
-4445 2228
-478 2045
-146 984
-4836 2089
-331 2074
-1316 1369
-2275 1381
-2344 3691
-4682 358
-3636 4596
-1839 4335
-1154 2939
-998 1472
-2124 4932
-1838 262
-2196 4661
-1053 207
-2499 3367
-54 831
-120 2019
-260 3685
-3869 1492
-1202 2513
-824 2482
-3708 2899
-1012 3349
-1254 978
-1359 1124
-3843 434
-103 1125
-2295 2646
-2307 2626
-236 1860
-1906 4280
-403 819
-2845 2732
-2655 4001
-2195 566
-1211 3940
-3988 3501
-1934 1453
-301 169
-1681 1214
-4470 4036
-1988 744
-53 3747
-328 723
-2223 588
-3755 1828
-4810 2331
-2583 1503
-1146 4638
-2003 3168
-4377 215
-4858 4049
-155 2631
-37 2508
-622 3330
-885 2658
-4748 2088
-3369 975
-1219 119
-190 2536
-1502 4299
-2554 1402
-2250 3606
-726 1254
-2139 381
-2368 1542
-1597 2882
-4487 2012
-3855 3644
-4052 2900
-4988 4662
-1167 72
-3098 4923
-3385 1573
-1559 4354
-2574 1988
-1950 2052
-954 4198
-751 3724
-3455 2147
-2948 2139
-959 2505
-2876 770
-3856 2428
-3694 4158
-1223 3203
-4878 3257
-4635 4510
-1558 447
-3462 933
-2036 110
-1239 3849
-1307 1317
-3811 3665
-467 1562
-1707 4400
-3347 1856
-4261 235
-2702 4526
-35 3892
-1040 749
-1857 695
-4631 2685
-3189 2329
-3611 4094
-2959 1071
-2210 4802
-3482 1726
-971 2493
-2374 3923
-1234 2903
-2969 2
-3429 413
-3991 1968
-4957 3261
-568 2274
-3993 2740
-3495 3134
-4720 2444
-3214 54
-692 1805
-1761 686
-861 2360
-1182 1089
-3342 243
-599 4579
-4486 4031
-3745 154
-3898 3229
-2564 1116
-1690 4343
-1406 2285
-1679 1055
-3812 2666
-2598 2672
-1350 4572
-932 1979
-3426 1384
-1068 2604
-1278 4037
-1858 2190
-1576 2621
-2568 4735
-2290 2041
-2531 1047
-985 4799
-3312 318
-342 1123
-8 1778
-725 3460
-373 3705
-1248 181
-3045 1042
-1564 52
-1268 1952
-1390 3007
-4413 3305
-2808 2110
-1270 759
-3699 3142
-419 309
-3481 1877
-2877 789
-3330 3087
-4107 3064
-1117 2994
-961 3626
-378 1505
-272 4718
-3059 92
-2939 3658
-1969 93
-4407 1280
-4983 716
-1335 2874
-4078 3275
-734 2728
-326 3577
-3304 1143
-691 206
-2947 3323
-1986 333
-3371 498
-2093 4294
-3465 2778
-364 1929
-941 3761
-2458 3216
-2011 4138
-3691 3452
-4141 644
-4347 3044
-1464 2124
-2186 2452
-2700 1640
-846 3659
-3700 4797
-161 4200
-1794 3050
-3216 3102
-3922 2801
-3087 2512
-1667 4909
-2945 3508
-3627 4768
-312 760
-1903 2211
-992 3771
-4147 2653
-2711 4309
-3762 1408
-376 3883
-2278 896
-22 964
-3909 954
-3632 902
-4547 841
-2667 3906
-214 2347
-4002 1158
-2987 2328
-1030 751
-2233 2325
-1367 688
-3796 2165
-4643 3977
-2579 796
-2428 1157
-2892 3387
-1776 4534
-2449 4640
-1476 1776
-440 3699
-635 2599
-1383 715
-794 4353
-2044 2387
-4870 3504
-2689 4383
-4710 3701
-4045 3122
-2176 4097
-3234 442
-219 295
-3067 4810
-3296 932
-4671 1782
-1998 4300
-391 4370
-4082 1268
-2530 2930
-4713 284
-3705 3811
-2828 602
-1127 513
-1870 5
-279 3873
-1732 529
-3071 1265
-713 152
-3024 526
-3290 1365
-3166 1195
-2573 4967
-602 818
-3126 1262
-4622 2938
-4705 4068
-1337 4942
-3773 2816
-1174 4329
-1259 100
-1422 1411
-4163 2254
-1937 1975
-1493 3143
-655 4296
-1995 931
-2695 2476
-3328 3179
-2757 2708
-3435 348
-4217 3640
-909 167
-3957 3448
-4326 2426
-2779 1330
-408 1298
-471 1621
-2038 4427
-1824 3010
-1288 1842
-3146 1690
-4454 4360
-3153 4246
-2403 236
-1143 3682
-4182 3500
-1938 3559
-1592 3836
-4646 1019
-1587 2214
-402 2737
-3185 4410
-2477 2151
-4110 1242
-3651 2421
-3978 707
-149 4695
-996 4465
-2870 3132
-2204 2121
-4041 2645
-1281 3547
-3025 4414
-3524 3703
-1165 1179
-3009 972
-1212 2765
-2226 286
-1176 4677
-2109 3941
-218 720
-2758 4702
-3929 4700
-4220 2498
-1672 1380
-3603 4609
-2625 2340
-2301 3021
-2413 4699
-3726 4944
-2858 2405
-4889 1045
-1554 894
-2392 1106
-1473 1220
-1414 3359
-4320 880
-3534 1862
-3702 1791
-2267 940
-1027 1427
-2889 375
-768 3301
-2153 4776
-3256 1258
-2866 3711
-4328 2727
-1469 3058
-3306 139
-783 2618
-315 4910
-3679 2578
-4700 3946
-3315 4129
-3137 652
-3698 3830
-2234 2502
-2297 1245
-1189 2259
-1413 2783
-815 3239
-3198 1151
-3613 963
-3845 4073
-3454 519
-175 4863
-3894 783
-3713 3696
-4782 3031
-2524 4701
-4967 4953
-721 2573
-2329 2541
-1375 2676
-1360 958
-3152 3211
-2456 449
-3979 1735
-262 2885
-1571 3163
-1282 106
-3144 4223
-4299 4549
-607 2146
-1855 3574
-1405 1784
-3685 1026
-3183 2065
-2338 2449
-2322 1416
-1841 4402
-4239 3533
-3821 330
-1441 178
-1547 2528
-298 196
-4073 1341
-2652 4812
-33 4371
-300 2709
-3451 454
-2679 398
-2479 1731
-3117 2735
-3000 594
-4749 541
-1567 4693
-859 4379
-192 304
-831 934
-4532 4839
-140 3967
-306 3700
-1924 1299
-3370 4304
-3842 668
-852 4210
-3935 3744
-1519 531
-3631 42
-2615 2267
-2871 4822
-4092 1796
-1853 538
-257 493
-2680 4761
-4382 4848
-4263 2711
-2260 4474
-395 4301
-78 4003
-3027 4954
-877 3518
-1904 4632
-561 2608
-580 121
-3779 1949
-3951 2366
-3804 1193
-789 3282
-1716 1140
-4321 2103
-1595 4128
-4774 2053
-2795 4042
-341 4260
-4596 4515
-4001 2232
-4438 3783
-733 708
-3227 3284
-2034 3157
-4577 4754
-4420 20
-3023 1393
-4164 2117
-4355 4901
-4047 2991
-1795 3152
-3301 2922
-4804 3971
-4184 1999
-3442 3439
-641 3766
-1311 946
-2469 2739
-4639 3590
-2616 4658
-127 4302
-2727 2598
-903 3631
-1054 3477
-4072 2263
-1826 2511
-2033 4120
-830 2106
-2663 4096
-3416 1297
-3298 1076
-2175 3506
-3566 2764
-1685 3607
-2165 357
-4796 1832
-4294 141
-2813 3539
-377 2368
-4341 2049
-181 2420
-1828 3117
-3488 2371
-2909 4224
-939 499
-1132 3496
-2696 4270
-2661 1914
-2098 274
-613 3681
-1478 4413
-1412 3578
-1067 3566
-2220 4773
-1933 4681
-827 1491
-2448 195
-2992 705
-4111 2319
-4028 271
-284 3400
-1454 48
-2669 1148
-4476 1611
-2009 354
-4259 628
-3367 603
-1783 4266
-3308 925
-4061 989
-4669 4041
-1517 2839
-203 2660
-2404 3043
-1445 4437
-3101 4602
-1164 1829
-3174 1271
-965 4146
-4068 2264
-355 1244
-3904 2697
-2907 1526
-4648 2797
-3384 3780
-4760 727
-2222 3800
-980 3609
-2507 371
-590 3306
-1745 4621
-555 4867
-2608 764
-2852 4987
-4548 2638
-401 2393
-1460 1498
-2330 3825
-1532 2719
-3871 3144
-1074 2381
-4936 3219
-1974 4327
-3916 3719
-4904 2542
-357 4063
-1407 1544
-3200 938
-3907 1747
-3323 3876
-346 4908
-3560 1134
-3884 4113
-4641 1138
-1303 156
-3706 2896
-2720 3111
-3892 4007
-4676 4989
-4213 3492
-2884 3510
-4427 4083
-3806 1755
-277 2681
-893 4893
-3940 3554
-3948 4182
-3212 2821
-4855 1581
-4990 3866
-3692 1361
-3693 3402
-1072 4914
-1421 345
-4542 463
-4009 2174
-4242 4856
-3208 3924
-3438 1358
-2014 4439
-1014 307
-3313 1564
-2342 1750
-2069 1666
-3962 4100
-1753 2087
-72 177
-4526 1478
-2704 3834
-1319 3981
-3020 3130
-1525 4516
-3580 3869
-1780 4116
-2803 1208
-2717 2451
-4475 3718
-4491 2730
-1208 80
-4953 775
-3544 918
-1505 4801
-1626 2981
-4679 2496
-2231 1428
-2261 3194
-1016 4982
-2462 3000
-860 3775
-3008 2958
0 2275
-1489 1229
-4563 1707
-1778 3675
-4744 2184
-1623 4159
-4244 1476
-2721 1154
-24 4142
-1994 2159
-2692 3191
-3538 968
-1800 2462
-989 2408
-2798 3022
-609 2086
-1064 4623
-832 1758
-65 3286
-4250 1682
-2047 3847
-1653 2144
-817 4668
-481 2283
-3090 4144
-3795 563
-4135 2009
-1440 2231
-2984 2671
-4115 1405
-4832 1338
-334 2625
-382 2261
-3740 1213
-4055 185
-4628 2873
-2239 3091
-3110 2790
-3666 2126
-2317 893
-958 4622
-2245 3236
-1807 419
-3833 2284
-3261 4132
-1017 3436
-4257 4926
-3397 4771
-1262 1737
-1161 1065
-1236 4502
-1504 1906
-1276 1185
-4815 1480
-444 1923
-4675 2251
-791 3888
-3986 4417
-3263 4495
-3102 1994
-3340 4124
-3230 1525
-3325 1616
-173 1303
-1818 1540
-1843 1331
-4824 4345
-2784 525
-1301 3188
-371 709
-940 3831
-3975 1513
-3417 1615
-4256 3155
-1830 325
-2353 846
-394 1266
-2765 2961
-234 3550
-4463 1813
-4567 1430
-4653 2022
-2363 431
-749 2933
-1981 3480
-1719 1274
-3338 3024
-3125 1792
-2471 2611
-3472 143
-99 3440
-64 620
-3041 2467
-3215 1870
-3749 1422
-2107 3726
-650 1749
-2112 3664
-1435 1306
-4207 2240
-3695 184
-2635 4312
-1101 1925
-1786 4824
-4907 3454
-3274 4121
-3633 4642
-4776 1469
-3466 2968
-930 1553
-2639 4185
-2849 202
-1052 1241
-4655 2912
-1674 3706
-4278 4583
-2039 3894
-456 3200
-4949 1057
-2942 767
-2633 1843
-4180 2738
-2133 1203
-4660 3145
-2054 2580
-3109 1178
-2854 1294
-1402 1421
-4868 2297
-1774 1275
-3571 4981
-4724 3944
-3895 2440
-3619 4230
-2073 1551
-4701 53
-1217 3503
-1878 4569
-4088 2812
-4604 1821
-1850 3458
-3761 2361
-1759 3029
-4415 315
-3964 4117
-2777 4694
-3345 1191
-723 4024
-176 3538
-4017 4729
-724 484
-3718 219
-3863 4692
-42 2247
-2488 4457
-4556 3582
-4316 2098
-1832 4519
-573 2729
-870 2560
-507 1466
-463 800
-2194 3564
-1808 1409
-3582 2237
-706 4481
-235 4798
-4897 150
-4719 4062
-2177 1837
-4633 4553
-1503 368
-2875 826
-4456 3183
-4051 601
-3437 820
-1618 4308
-3673 1094
-3517 3670
-2904 1976
-3868 1816
-1789 758
-2365 111
-1511 502
-3911 4826
-1058 4712
-2459 3575
-3002 1570
-4812 4943
-2253 335
-4124 2376
-988 4589
-1197 4243
-4752 4716
-2747 2891
-814 4290
-2021 2814
-1790 2557
-3432 881
-4976 979
-4206 50
-2071 18
-4972 616
-1300 4772
-895 847
-2062 2461
-643 4099
-729 2755
-578 3430
-4721 424
-4901 4193
-1894 1638
-790 1684
-889 4852
-807 1563
-4293 3260
-569 2975
-500 763
-2058 961
-1760 3457
-2187 2145
-3258 250
-878 520
-3356 2524
-1628 505
-143 4670
-2068 4758
-1889 2701
-2781 4404
-525 1511
-28 2460
-1479 1374
-1722 3079
-4132 3158
-3302 3587
-4194 2301
-2249 3068
-2426 3674
-1312 4342
-3917 2120
-390 1002
-3289 391
-1241 3334
-4460 3362
-3484 237
-184 4731
-513 2827
-2529 2525
-4188 4968
-997 2195
-1022 982
-3072 606
-4955 2385
-3279 3386
-430 2469
-2206 4351
-4429 3266
-4038 714
-2556 2201
-2400 3404
-1744 4811
-628 4980
-2559 494
-4803 148
-1922 4050
-812 99
-1190 418
-4959 3852
-3824 4349
-2841 1249
-207 4557
-2856 3717
-4813 2954
-4781 17
-3127 3321
-4353 2138
-2961 4381
-2136 4793
-3967 2733
-3723 4478
-2886 3049
-869 4749
-399 3108
-3405 3929
-897 4780
-2774 1204
-244 2193
-3068 900
-4692 2092
-4854 4521
-1715 2033
-2440 3752
-2077 3844
-1026 674
-1896 2078
-4399 2530
-45 403
-421 572
-3155 2446
-4161 2434
-1972 2311
-566 1473
-4364 3602
-151 1092
-3493 104
-493 1998
-2930 4906
-2935 1599
-3730 864
-557 2523
-891 1802
-3381 2486
-2600 4333
-1420 3299
-4121 1946
-1982 2868
-3205 1916
-1991 359
-862 1406
-3864 4313
-4089 1587
-3719 1773
-2037 1583
-1957 2085
-718 3947
-1109 4140
-3188 3403
-4543 2713
-416 337
-2668 3689
-3056 331
-2306 3541
-2111 1574
-1418 612
-3346 3175
-4252 144
-3926 2026
-2537 4355
-4828 4222
-769 4889
-492 2959
-3760 2260
-1534 4756
-639 675
-299 3841
-4469 2330
-4647 4614
-2539 2545
-3776 1364
-3176 3198
-511 221
-4913 4517
-4513 967
-2953 1352
-4678 1286
-4359 4039
-4756 1434
-4179 4974
-2649 3408
-2020 3960
-187 2123
-2819 830
-4007 3462
-86 394
-186 1695
-915 969
-4998 2863
-4708 1072
-4099 2137
-977 971
-1572 703
-125 4650
-1822 824
-323 1362
-1581 3002
-4054 2892
-2976 667
-505 1426
-3293 731
-4528 3070
-1151 1713
-736 4656
-3789 2163
-541 4194
-2775 3003
-4620 2748
-4831 4851
-4216 1310
-3752 542
-4568 1826
-4989 2744
-1914 203
-3191 627
-4802 1117
-4267 1423
-3204 2591
-4488 2038
-3637 1350
-4888 4028
-1944 2355
-2912 4384
-147 589
-2576 4203
-4236 3667
-4918 4542
-4884 386
-2768 2616
-4192 4766
-158 4145
-4772 544
-3038 1845
-2131 3407
-3362 1253
-68 4635
-1191 3377
-3236 4876
-2719 2388
-1163 3253
-2571 1757
-3232 4012
-2759 1247
-2078 84
-3577 4703
-1565 4172
-4030 4363
-1527 3267
-2337 1034
-1287 282
-4330 1067
-2684 2877
-2755 226
-3244 4212
-1093 2072
-1244 536
-2049 1156
-1468 941
-249 3716
-3266 590
-800 995
-261 2940
-51 4559
-1662 4054
-715 4074
-3533 2348
-3623 3366
-1104 2533
-4623 1351
-182 171
-3220 533
-1642 1797
-3788 1474
-2101 4378
-2534 4336
-3241 1572
-1812 2406
-3667 4636
-3421 3026
-521 1769
-3238 4249
-4211 1614
-225 1082
-337 583
-1725 1403
-1471 3810
-2701 459
-3105 4713
-1851 3424
-3599 4058
-2601 1607
-3784 2962
-1035 96
-4789 4013
-4081 1855
-1550 4956
-2217 3614
-2626 2239
-1177 592
-2189 986
-1733 1212
-4920 4633
-197 105
-881 1645
-928 2337
-2184 2688
-4937 4166
-4139 4979
-1207 2250
-2927 2399
-3683 3842
-3638 1685
-1806 4148
-1814 4264
-2578 2712
-4467 3854
-1131 829
-4401 1050
-4702 920
-1436 136
-3686 3619
-2468 699
-4932 4835
-1273 650
-3751 3695
-2283 3975
-4508 2424
-2310 945
-2538 1438
-4522 1712
-1230 201
-1459 3734
-704 157
-770 1075
-2221 1836
-2561 4784
-4400 2779
-2895 1524
-2691 2422
-1021 4108
-2285 1493
-3641 1029
-818 712
-2225 907
-3115 287
-2255 2820
-1095 2924
-4763 1538
-4525 3621
-4712 2321
-1358 319
-2103 2203
-3969 1060
-2335 1083
-538 4620
-4533 780
-2023 1069
-3372 640
-4448 3494
-1813 2218
-4404 4356
-2916 1788
-4698 269
-4728 241
-168 935
-457 2140
-863 396
-3322 4976
-2288 496
-121 3435
-2157 478
-3075 3618
-3919 923
-2232 4751
-945 4532
-4196 3342
-1820 2154
-1065 1059
-4835 1108
-4479 3038
-84 3930
-2844 3525
-3055 1040
-3393 2809
-3357 4446
-2660 839
-1198 3150
-3954 2520
-1080 4239
-1648 2531
-3891 4830
-466 4103
-333 3729
-1444 4373
-2444 3749
-2523 4533
-3213 214
-4160 3005
-1976 4162
-2495 1654
-2110 4213
-227 4819
-1220 1366
-1056 4649
-2498 4346
-2312 1418
-351 2753
-1487 3027
-1734 4873
-4037 990
-348 1768
-4787 2073
-4381 772
-2919 2500
-2657 3353
-2242 4806
-1874 3612
-1683 4174
-2676 4444
-4312 1278
-4286 4570
-2840 892
-3573 3369
-1162 998
-4502 1518
-1184 427
-3150 455
-4032 2102
-1537 2844
-3151 2402
-1004 4939
-2794 4115
-663 660
-4371 26
-4338 1700
-2712 1745
-113 444
-4517 1039
-2171 4045
-2193 2223
-2213 634
-4757 3171
-509 3465
-3292 2724
-793 1519
-676 4877
-4771 81
-4914 451
-3334 3966
-1868 1533
-297 3444
-1051 3039
-1038 2828
-4219 2349
-4280 2597
-2760 3856
-1630 137
-1706 3419
-1975 220
-4431 4870
-305 2079
-4205 1342
-3746 2407
-303 4750
-4202 3828
-2964 3994
-1915 2492
-2864 658
-2114 296
-1816 2942
-4108 1037
-1237 3694
-380 4657
-3728 2429
-3415 149
-3568 1230
-803 571
-3199 1532
-3852 1918
-3373 3907
-1890 4380
-1521 2784
-3888 3368
-4426 163
-4915 1250
-148 4637
-3758 609
-2072 527
-2516 1329
-1340 835
-2699 1770
-1737 3097
-82 4949
-2181 1139
-743 2478
-1342 1359
-2985 4691
-4289 4475
-1652 4175
-2698 683
-1485 4654
-3211 1171
-4020 2851
-1242 4221
-673 3184
-289 1356
-3316 4920
-2824 2944
-3688 2577
-4853 2375
-4985 378
-2104 3182
-3382 3730
-2855 1486
-3511 2166
-3193 2831
-4917 3294
-1102 3983
-2894 1323
-1309 2650
-3738 140
-4303 2256
-11 4157
-2120 2973
-1663 4574
-4024 2983
-25 3875
-4335 4800
-2229 420
-4866 60
-4086 2296
-4385 3090
-3049 2298
-2687 4688
-1085 2544
-2256 1398
-1810 180
-1224 1594
-1751 4095
-2857 1554
-979 62
-4034 1580
-4442 3591
-2292 3963
-1996 1686
-4452 4187
-3046 4998
-2442 546
-975 3932
-3887 2113
-1531 3287
-1269 1390
-552 1009
-2923 2862
-2373 3867
-71 500
-4605 1110
-222 1324
-787 2104
-2986 735
-716 728
-2019 2745
-4612 4869
-3704 3527
-1701 2677
-4876 4419
-1963 41
-596 4332
-3113 1646
-2623 2609
-4016 659
-1742 1319
-3766 3576
-3271 2007
-3085 4940
-1417 2931
-833 2743
-1285 4394
-3088 4208
-4546 314
-4248 223
-3798 1450
-1324 4155
-3799 1044
-4287 4841
-1253 4834
-2366 2842
-191 1833
-3202 2160
-3392 247
-3572 3776
-4680 4895
-4986 2377
-252 2853
-1942 576
-4536 2186
-264 4365
-240 4527
-248 959
-3440 4216
-1644 1288
-2799 2414
-4368 661
-750 3083
-4247 4188
-295 3101
-3516 399
-2533 3365
-4890 1429
-1086 1716
-1286 2050
-4473 4130
-3065 1577
-345 3797
-4817 2894
-1665 4724
-3021 1814
-3610 2811
-2998 3399
-431 3927
-1078 604
-1879 1688
-2125 1326
-3588 4904
-4462 1292
-2503 3449
-117 4016
-1011 740
-3521 4997
-2227 280
-4008 4015
-1181 741
-4122 162
-2525 3030
-446 1234
-4378 3363
-3853 873
-2820 851
-934 2928
-3076 587
-4395 1500
-3332 4399
-763 2395
-2088 1775
-40 461
-2734 630
-4232 4420
-3173 1432
-4380 2363
-2291 1800
-4305 4929
-3564 4295
-3410 2781
-211 1664
-3015 1547
-4862 766
-4790 4334
-3612 2324
-2869 1766
-4327 565
-496 1440
-2015 855
-610 4595
-2839 777
-4727 489
-287 2048
-434 382
-4874 1539
-4632 4265
-4664 4864
-993 2960
-4777 2698
-1799 962
-4544 636
-3428 3832
-4614 89
-2631 57
-795 1468
-4672 2479
-2160 2270
-3527 1105
-2898 2522
-868 1545
-4545 876
-427 3019
-1122 2024
-1671 2343
-2627 176
-1391 2392
-2052 1902
-3829 3491
-1516 3389
-3222 2847
-3177 2519
-1384 2313
-2928 2767
-4997 3123
-50 2152
-2658 1703
-4282 562
-3769 3569
-3209 4072
-1148 4002
-1187 2403
-699 4263
-3091 1810
-843 2872
-1344 3990
-665 3760
-1579 4451
-3247 2105
-362 4204
-4665 2175
-1062 1940
-523 4860
-1815 2504
-847 4307
-1429 691
-1717 2834
-3630 1546
-1633 2603
-458 3772
-167 947
-2333 803
-753 1956
-4349 2652
-2581 1643
-4585 1649
-3333 573
-4059 4184
-1305 3859
-3169 4476
-1079 4792
-4042 3677
-2173 2752
-3012 3687
-3590 2971
-160 545
-1357 4545
-1546 4421
-246 3302
-1741 2445
-3645 3073
-2240 1451
-742 303
-682 1318
-1145 543
-544 4783
-556 2035
-4152 2437
-4852 4397
-2321 550
-2155 3515
-1964 3767
-2834 2207
-3778 2230
-4617 4847
-4231 582
-2741 3661
-3237 4171
-3329 3340
-4270 2749
-1711 192
-1425 4206
-4394 4613
-4571 1006
-3013 4011
-1338 1641
-1971 1840
-4480 1568
-422 859
-1911 4682
-2411 736
-2286 1293
-712 4808
-4435 1661
-3944 4262
-805 1506
-2116 3206
-3282 1924
-1010 249
-1082 2637
-564 1884
-1354 2835
-3750 4401
-3532 2276
-1768 3463
-2352 2135
-4374 2687
-425 663
-2048 1168
-3284 322
-2767 1943
-2924 2341
-772 4606
-3947 2993
-546 240
-3857 4878
-2384 575
-2148 40
-4795 3996
-55 350
-3500 3042
-1584 2191
-96 4293
-156 4255
-797 1184
-1612 3581
-3262 2825
-3467 4832
-3559 1504
-2593 476
-2149 2185
-4015 2857
-3512 1129
-3413 3722
-1284 2005
-1606 1221
-973 4189
-2065 1163
-920 1126
-668 1021
-522 3636
-3060 2963
-48 3391
-3870 3288
-4392 4720
-2424 3095
-1294 4297
-4995 4507
-89 3845
-3219 3679
-1356 234
-4816 1368
-164 1385
-3180 2647
-4027 2972
-2300 1807
-1589 1388
-2822 3999
-3446 3405
-1615 743
-931 3789
-1216 1637
-1497 3472
-2502 3880
-4569 2886
-4080 4237
-2713 776
-700 2182
-4145 3979
-4070 3773
-485 4538
-4157 1470
-659 441
-1333 4927
-1037 1114
-2506 4990
-2742 3628
-1872 1867
-1518 1628
-4784 4268
-518 3120
-2341 3450
-2738 2651
-1660 517
-152 134
-1898 3851
-1999 1549
-2486 836
-528 327
-4113 2807
-2902 1302
-2853 1027
-4711 120
-784 1921
-747 2762
-4629 4577
-4155 2235
-937 3078
-4185 2187
-4883 3822
-4524 4029
-2094 3651
-2248 4836
-1450 1974
-4530 651
-4023 255
-1229 4258
-2612 1951
-3567 1537
-4127 3545
-2882 1188
-1266 4190
-1739 3805
-1921 3984
-1128 1831
-3984 4005
-1140 3328
-1980 1728
-2215 3347
-1861 183
-1345 821
-1447 1399
-411 3629
-3400 2485
-3483 3531
-3321 3178
-3052 3879
-2566 3181
-943 3388
-4768 2705
-4131 2384
-3809 4337
-61 4616
-4302 2217
-4482 2976
-1727 2769
-717 4945
-1602 3806
-3515 3813
-4823 4765
-849 2000
-3625 3467
-4049 1785
-901 353
-2452 343
-4808 4119
-2028 2534
-455 2998
-2740 415
-433 559
-1099 4281
-195 3965
-1096 987
-4905 3226
-2474 12
-995 4425
-3531 607
-2585 3338
-2422 3326
-853 3416
-268 2225
-4659 1534
-1666 624
-4887 1097
-2951 654
-122 1198
-1322 3998
-291 2288
-3431 2559
-1246 4743
-1927 2317
-4379 4610
-1280 3688
-4592 2518
-1978 823
-1951 807
-3555 4936
-567 3785
-3028 2703
-1000 4883
-4516 3208
-808 973
-910 3995
-1218 1231
-3739 2344
-4343 1576
-3149 2046
-3814 504
-1149 2716
-4699 2905
-1379 1311
-4238 3103
-899 1283
-3138 3071
-1568 4886
-1712 3113
-4935 4463
-4187 4524
-4117 3758
-1939 3713
-4747 3669
-115 3820
-490 1112
-1121 1528
-2967 1070
-4979 490
-1205 3273
-2472 3684
-3011 1681
-2418 2669
-3792 828
-3445 1155
-480 992
-414 3521
-201 1575
-1586 1387
-3039 662
-1443 756
-132 3220
-2888 404
-3159 3721
-3640 3060
-730 621
-4809 722
-946 4291
-4337 4259
-746 1010
-1724 293
-2121 3127
-29 3077
-3618 1372
-4271 165
-799 145
-4668 4631
-631 3398
-258 838
-4137 2188
-3351 1648
-1369 3205
-205 1944
-1524 4075
-2380 37
-3408 2282
-1419 927
-765 4416
-2282 2714
-2350 1989
-2497 3317
-2619 2898
-2446 1522
-912 1510
-1985 4881
-2859 2723
-1119 1887
-2166 1588
-1116 1897
-693 773
-2805 1680
-2697 1895
-2433 4468
-1958 507
-4440 2418
-2630 2639
-2772 2798
-1169 83
-4574 4551
-845 739
-1990 532
-2801 385
-542 4218
-4393 1030
-4882 3443
-884 3753
-1139 3374
-1235 1694
-4241 1483
-2318 2823
-1331 4105
-3307 1689
-3936 586
-2796 2558
-3816 4277
-4750 2323
-1622 1854
-4703 1936
-2671 423
-3650 1130
-4570 316
-193 1881
-4624 2552
-3875 3654
-3004 2345
-1708 4201
-206 3896
-942 1541
-2030 3985
-3461 3943
-4019 87
-678 1962
-270 9
-245 1761
-4246 3502
-4441 4368
-2994 3757
-1977 3495
-6 2684
-3558 1584
-447 2095
-4973 1720
-3615 488
-962 1290
-4372 49
-1752 3332
-1871 3020
-646 2180
-2545 356
-4138 465
-672 432
-1650 976
-424 2884
-4847 1098
-4730 4546
-1689 3683
-3670 1395
-460 1861
-2514 1239
-1481 51
-2917 365
-4499 453
-3270 4844
-2522 3258
-4201 239
-4235 3210
-1940 4019
-1740 3509
-1613 4744
-1703 3635
-3399 2051
-1846 383
-327 1458
-169 1919
-4896 2057
-3490 3567
-4510 2210
-4334 1419
-4877 4483
-4103 4147
-3996 2483
-1147 3185
-2707 321
-118 648
-2224 4482
-276 1431
-2520 615
-2416 3728
-3513 1149
-3030 2532
-381 2566
-2055 1741
-516 3190
-4993 3274
-1756 222
-2773 874
-3192 1567
-606 380
-2207 2314
-1199 1535
-2624 2101
-283 981
-4693 1187
-3807 4455
-4848 2848
-3377 1090
-452 2148
-3264 3649
-1203 4489
-2346 3529
-3594 3589
-4273 3552
-4951 486
-209 988
-2846 2489
-4950 769
-1389 3322
-21 3015
-981 2488
-3492 4663
-2968 2071
-4453 1397
-4512 4180
-2901 1127
-2878 30
-4566 4930
-3526 561
-1746 635
-4582 4209
-3032 1658
-472 2887
-3614 2829
-4715 1048
-2145 2627
-1008 2453
-3616 4763
-4954 3537
-1659 2567
-2076 3863
-4120 2538
-1408 625
-3297 1439
-2714 1007
-2151 1827
-4561 4459
-530 690
-1885 3319
-1580 1569
-1103 115
-3983 4598
-3145 1631
-1094 3011
-2865 388
-4354 4051
-4391 897
-1787 4814
-2492 1215
-1002 4398
-1692 717
-247 623
-2308 3601
-1283 837
-1346 3740
-907 3276
-3479 4673
-2829 4330
-2241 4009
-3897 4082
-4309 3283
-1845 2602
-956 2398
-2913 600
-2914 2083
-4177 173
-498 2865
-3879 109
-100 1531
-319 1676
-2001 3954
-902 3829
-2670 199
-3539 626
-1100 2707
-603 1087
-1570 4740
-4779 713
-2597 1313
-2780 1543
-871 1495
-88 2335
-2837 737
-660 1602
-1541 3731
-4975 4080
-4881 4541
-1042 1023
-625 3788
-3655 3595
-229 2118
-585 4711
-1536 3300
-4143 1651
-792 2871
-3273 4734
-3763 4629
-2638 1582
-501 4496
-1765 4580
-4069 4962
-3078 3871
-2599 1610
-3047 1099
-2643 43
-3866 2226
-4281 4242
-1411 3057
-756 436
-559 1
-3931 4587
-3366 2675
-468 1606
-4969 2130
-4506 3698
-2827 3678
-4199 1339
-4658 2555
-2787 3986
-1228 1182
-3860 4236
-3765 3915
-3272 324
-1496 1668
-114 3277
-4439 3307
-2331 4651
-2304 374
-3007 3874
-2535 1437
-4268 4525
-776 4487
-1909 1812
-2237 3241
-3861 2926
-1494 2693
-2355 2717
-2560 2989
-1071 253
-2592 45
-1770 1669
-3878 1460
-1371 1355
-4079 1647
-1141 4407
-4119 2845
-4262 4461
-2441 2099
-4523 3592
-1192 153
-1225 2808
-2802 598
-2891 4676
-2434 3765
-174 2198
-4769 4955
-3383 2564
-3941 2818
-2481 2494
-4580 210
-3644 903
-2079 1371
-3206 1343
-389 1667
-2577 1335
-3536 3507
-3508 1655
-3033 2037
-3998 2503
-1793 4807
-2258 3597
-3725 3187
-963 3426
-2989 467
-2379 3393
-4373 2157
-880 1823
-4872 1727
-1463 1064
-294 2252
-2057 882
-2569 3919
-2127 3233
-4560 4046
-2432 3899
-3780 1465
-671 4599
-60 2468
-3828 3798
-2558 2427
-1308 833
-254 953
-488 1296
-2971 1701
-1142 4233
-3565 2721
-4301 3433
-3794 3066
-1327 1879
-2739 4434
-3464 3215
-4691 1891
-3354 585
-1467 1886
-2804 73
-2075 2241
-3458 4163
-3352 1967
-2881 991
-4549 1189
-4535 3165
-1699 3230
-3549 1300
-2983 1121
-4275 3240
-4925 3481
-767 3630
-188 3895
-52 2290
-821 3763
-1005 622
-1607 4919
-338 2168
-3712 1389
-4224 4760
-3406 1781
-426 3991
-3061 3201
-2862 4374
-1069 1482
-9 4403
-1175 1670
-494 3006
-4234 4450
-1325 1904
-1433 3180
-1378 1677
-4761 414
-3093 4289
-2358 1333
-2705 3291
-2997 3787
-4274 4503
-3576 1166
-4269 4829
-3069 1235
-4090 4653
-839 2332
-2860 133
-623 3823
-392 2302
-3074 1477
-2511 2062
-922 2238
-1608 4110
-4910 1115
-4361 2634
-780 4176
-1264 2832
-560 2943
-786 3263
-1823 3406
-482 1869
-2647 4282
-278 2664
-3053 3864
-4465 7
-4114 142
-4729 3839
-57 1973
-3647 4575
-2703 2996
-2754 944
-2547 704
-4218 557
-1593 4588
-4829 4106
-4093 2367
-3077 2773
-1105 4205
-4846 4448
-2056 1172
-953 2372
-1314 3418
-1967 4287
-2838 3131
-3132 2966
-3872 4362
-4503 126
-2973 3755
-1582 1334
-95 3709
-4666 4350
-3703 2813
-3497 1730
-796 1635
-375 1634
-3839 2649
-4208 1612
-1538 4547
-4437 631
-1289 2386
-2236 3358
-1907 1656
-918 2833
-4350 3693
-2387 956
-4958 3378
-2022 3931
-3107 4071
-2809 2069
-131 1255
-1025 1304
-3281 4725
-4004 4925
-285 1593
-4116 3964
-2238 2585
-2202 3227
-196 3790
-178 879
-1134 3280
-587 4428
-27 3016
-3501 693
-3119 2039
-3184 4491
-1171 1706
-309 794
-3036 68
-3955 2849
-1954 2596
-644 2907
-1726 2473
-3037 3762
-3720 2594
-307 3865
-533 1038
-4170 4497
-2645 1246
-4587 360
-2179 2350
-1498 638
-4153 3558
-1629 3553
-3260 849
-1763 4195
-3867 4279
-2316 3741
-2362 694
-2979 2413
-2205 4983
-2045 1561
-97 3434
-4264 151
-420 188
-3419 4565
-2690 1475
-4555 4376
-3714 3727
-4621 1487
-1135 1579
-296 4786
-3507 4664
-1388 3901
-3605 3812
-1557 1020
-311 1267
-1669 1704
-2201 3556
-4306 2670
-4084 3837
-13 4885
-4166 3671
-3018 3470
-629 3159
-1677 2581
-1641 2878
-163 1825
-4880 2694
-1821 4508
-2140 3551
-1330 2628
-2137 1763
-3621 2172
-5 2040
-755 3530
-658 4395
-1620 3312
-1426 4888
-722 3466
-1018 313
-3790 205
-1475 1705
-4962 2563
-1643 3344
-2332 4385
-1424 1970
-2830 811
-1173 3712
-2313 2904
-1545 888
-4332 342
-1031 1935
-2908 2565
-3489 2027
-77 1977
-3335 4907
-2314 1118
-3716 2956
-2587 1314
-2905 3676
-2167 2881
-867 4753
-4065 3245
-4315 2465
-4094 3311
-2926 2109
-2850 3118
-2348 2657
-4899 642
-1880 3447
-4402 1630
-4505 416
-3859 2013
-4885 3898
-384 4582
-1144 1054
-4642 2359
-4754 3420
-4035 605
-3026 3955
-4652 4518
-3854 4601
-1801 4675
-3130 801
-4923 292
-1321 4311
-1863 1145
-1619 4891
-4863 102
-2831 2436
-4690 2108
-3034 671
-358 1618
-4851 3222
-4588 4093
-2851 1950
-4685 2766
-1827 4431
-3743 3868
-1762 4991
-4511 363
-4900 3147
-4158 4831
-2911 4219
-2686 426
-1256 2472
-1123 1243
-3910 4600
-347 4728
-1158 2725
-3503 2435
-4861 1199
-695 4137
-3883 3469
-3982 4558
-3498 2499
-3175 2574
-432 3008
-703 4020
-3658 3663
-3066 3074
-499 1972
-3291 1012
-3997 3815
-3083 3380
-588 1120
-2327 1820
-4610 4746
-448 1759
-3401 2115
-1702 3052
-1362 4935
-1520 4684
-1180 4912
-202 3177
-1097 3364
-4398 4177
-2063 4626
-3756 28
-3519 4978
-536 4227
-633 4813
-4742 3140
-1577 3173
-4909 2576
-3165 3738
-417 3544
-3675 3748
-4424 428
-872 3917
-2142 3
-491 1963
-2918 2895
-215 724
-3901 2690
-2383 3655
-3724 3034
-1130 3881
-4 98
-4977 2654
-2694 1809
-4553 3036
-4240 1232
-4331 2378
-4637 1623
-1310 2142
-2115 3992
-888 267
-1614 4090
-2746 4509
-4279 3978
-3364 2491
-951 4628
-2271 1774
-2936 1894
-664 64
-1902 4791
-385 3532
-325 3431
-1472 4375
-2435 4603
-4039 2539
-418 231
-4743 579
-967 1396
-4397 1497
-4406 1733
-2656 1194
-3748 95
-3017 3225
-762 2433
-632 3572
-4933 2484
-3785 129
-3825 2161
-2572 4347
-4444 4126
-4298 2236
-267 2246
-4388 2978
-1299 1934
-4857 1665
-4956 4868
-1625 2286
-537 340
-935 79
-3378 1834
-2504 2805
-4191 4043
-2934 440
-4806 4540
-237 1927
-2962 2294
-4249 3736
-3379 1183
-4807 3920
-543 362
-2944 2382
-2451 160
-43 4727
-308 3148
-2208 266
-1791 4014
-876 103
-109 2293
-3121 4948
-4520 3224
-1989 4305
-838 1512
-2744 1412
-3111 3192
-2613 2758
-3248 618
-3014 3611
-239 4787
-4443 2014
-2262 4505
-1772 3133
-1318 3069
-4726 3745
-4370 3290
-1003 3903
-4940 310
-34 4273
-4390 4069
-110 4764
-1204 1858
-2454 1762
-4389 46
-4223 2549
-4531 4186
-2359 1885
-896 4321
-4363 4325
-1624 4698
-1507 1738
-124 187
-3992 2028
-1600 4447
-4345 3041
-3547 4207
-259 3970
-93 11
-4994 3613
-2716 3489
-3753 4298
-2788 3410
-3652 1307
-2478 71
-1376 3137
-2135 4161
-3832 4179
-4276 1619
-957 1889
-842 233
-1588 3938
-4118 3303
-2470 4986
-515 4745
-858 1743
-2508 3139
-4697 4220
-2178 208
-4650 701
-111 2547
-3999 482
-2863 2279
-1509 2759
-2588 3352
-739 549
-3326 4896
-4825 4717
-2565 3900
-3203 1502
-3478 3255
-504 4882
-1323 2774
-3425 1107
-593 179
-1992 4382
-614 276
-828 4092
-550 339
-2419 2741
-4625 2036
-1477 3223
-1449 2352
-759 1947
-2611 1284
-1556 1028
-2188 2094
-1290 289
-916 3054
-288 1597
-4176 613
-1001 2059
-2487 2796
-3167 2718
-2682 297
-621 1276
-2277 2501
-4662 1404
-3815 3415
-4554 3262
-3791 3796
-2420 4250
-4091 4480
-4867 2731
-2190 291
-87 260
-2764 2202
-3319 2322
-2748 4405
-4446 742
-917 3238
-3543 1941
-4304 895
-4344 2119
-459 3475
-968 2999
-1947 3821
-3562 1456
-1210 407
-4657 2941
-4606 4777
-3252 4818
-271 863
-4419 4858
-2814 4660
-317 4594
-217 682
-3838 4605
-4551 480
-2842 4748
-3058 4464
-534 4815
-1910 4323
-4222 4630
-3552 3850
-3942 518
-2150 2438
-231 355
-2324 3296
-731 3715
-1773 2042
-49 1144
-2360 1186
-4841 2815
-1361 1882
-4684 645
-1757 283
-2546 1693
-398 673
-2735 1913
-3453 4269
-3782 4924
-1695 1910
-423 2100
-2066 1516
-3178 939
-4943 1739
-3223 4890
-1196 4624
-2879 3289
-3938 2219
-4649 3511
-265 1799
-4483 4367
-90 3608
-2621 2490
-774 3445
-2108 3653
-3805 3072
-4151 211
-273 2665
-3253 539
-2130 4902
-4500 711
-293 1848
-145 4961
-4805 1736
-3831 166
-2636 3528
-4075 261
-3593 2786
-3485 1340
-4204 1379
-1645 2860
-1222 4225
-2401 1804
-1551 3816
-3433 2369
-4369 4690
-2786 698
-4673 4520
-4174 4820
-2549 3189
-1297 4152
-2212 256
-1948 4648
-735 3455
-2445 647
-4538 4085
-3584 2262
-2906 2901
-4376 4358
-3243 949
-1427 870
-3450 2540
-3131 3737
-314 1817
-3361 1051
-4472 2699
-634 3018
-4046 2794
-1034 4823
-3143 3199
-336 2854
-3896 2383
-777 3593
-58 3337
-1410 3040
-4980 3425
-3583 389
-4964 4931
-443 910
-2596 1893
-2402 1875
-1490 4898
-2732 878
-1392 3835
-4255 2333
-4798 3213
-2453 4827
-2203 3336
-3156 3725
-2723 4523
-4501 3471
-2197 2299
-4856 2448
-2035 4315
-1605 3976
-732 1080
-2334 4438
-4339 4445
-4300 2443
-1953 2132
-1646 1633
-553 2034
-1448 2543
-3710 3315
-46 797
-670 3265
-3677 2150
-4313 1471
-2708 2856
-3722 2568
-3 1724
-3124 4985
-1461 2817
-1555 3473
-761 158
-3793 4238
-1252 405
-4416 2171
-1110 729
-3707 1697
-1932 1911
-107 1289
-3171 2063
-15 2683
-662 2787
-4029 3153
-354 1552
-2129 3384
-3669 4226
-2955 4248
-2651 929
-1201 1909
-4228 4862
-1788 2390
-4360 2397
-3980 3918
-4430 2589
-2042 2929
-2450 3176
-2518 3348
-1370 1878
-3981 1558
-66 2222
-3664 4709
-1594 4234
-4834 1448
-2270 2673
-2557 1907
-2040 788
-3103 1725
-1152 3764
-2950 2964
-4451 2447
-4142 38
-4455 2003
-1368 4053
-1908 4975
-3934 2593
-2394 4485
-269 4584
-1328 2706
-2464 781
-2423 3909
-811 1678
-2843 2864
-1457 1815
-2455 4178
-4785 2480
-4095 1622
-67 3381
-1006 750
-1574 1147
-4791 3104
-840 4352
-1578 3014
-2122 1135
-243 1013
-4908 3549
-361 4581
-3398 2244
-999 2242
-4083 1847
-4342 649
-4014 1717
-983 4573
-3359 1222
-3106 762
-2156 2357
-667 2746
-130 3754
-2604 4733
-4233 4211
-4695 2979
-477 94
-2347 1687
-3187 4118
-1263 852
-4597 1790
-2388 1104
-4584 2772
-2589 608
-719 629
-313 733
-230 3933
-1864 3885
-1916 3893
-2970 4905
-3148 3638
-4630 1260
-2634 4994
-3389 1838
-4447 3598
-3050 88
-368 170
-2067 258
-2081 3817
-3974 3086
-1009 1932
-1386 3860
-3905 3268
-1797 4759
-3449 2970
-3830 186
-3608 916
-1771 4339
-2725 547
-112 3910
-2490 1642
-2070 3129
-2146 189
-2367 4899
-1656 1336
-836 2304
-4661 2300
-2247 700
-3958 3376
-3305 1624
-3729 584
-1488 130
-304 2365
-1803 1425
-2641 3862
-16 4853
-3946 2169
-3452 2953
-2595 596
-3834 2487
-3800 3792
-1943 3013
-2410 2006
-281 726
-618 2613
-2235 2464
-4458 3051
-766 445
-2027 1000
-1081 1017
-1036 123
-2526 1122
-1599 4183
-1251 3858
-3158 2143
-4150 685
-251 2852
-2381 4156
-851 1983
-2603 2521
-1170 1496
-4421 2227
-757 734
-3574 4275
-2688 3819
-738 246
-2305 4911
-3286 2111
-4859 4652
-1569 2590
-1697 2002
-4129 127
-2357 4490
-350 1209
-3960 1315
-913 485
-4562 3221
-503 1721
-2584 782
-1043 1133
-1107 3195
-3186 2084
-1153 1965
-1381 2415
-2099 1370
-3019 4669
-428 2234
-1023 1018
-322 3524
-1515 696
-848 3438
-1393 2965
-3684 3110
-2214 868
-3592 300
-2792 4562
-3409 3468
-360 3160
-3770 514
-4461 2291
-31 860
-2406 1822
-324 3390
-4496 2667
-2010 263
-4333 1467
-3269 591
-1403 3285
-1209 299
-1061 2702
-3118 1991
-2005 3310
-1840 1752
-1847 1527
-2800 4109
-2118 4430
-1859 3936
-1965 2127
-2102 2782
-3444 4842
-4595 1479
-4640 4390
-924 56
-3343 4423
-2170 4253
-1499 3957
-2493 2391
-1875 4846
-3048 24
-1959 470
-1401 1261
-4599 200
-4537 1407
-4775 164
-3642 2318
-4830 3989
-2817 1273
-4645 4560
-2665 3707
-4966 4604
-3303 2454
-1888 2859
-2982 1617
-1088 3708
-2722 3114
-465 174
-3494 4722
-3522 567
-778 3493
-3921 754
-3057 2466
-1032 3673
-4159 3329
-4929 2810
-601 4957
-3394 4747
-2555 3843
-353 3594
-4921 2789
-1696 2582
-409 752
-2594 3861
-3277 2004
-2949 4726
-2361 4286
-1351 4563
-813 4079
-3971 719
-3923 1928
-2461 952
-677 3360
-1240 3779
-2345 4555
-1854 4854
-1661 965
-1166 2213
-3063 2838
-343 867
-3893 4044
-1960 4707
-3349 3557
-3164 1764
-108 2554
-4927 268
-4033 1786
-3116 1093
-1684 1420
-2228 1011
-4165 3428
-1657 21
-374 2016
-2280 2869
-1336 1077
-1766 3046
-1735 884
-4527 4714
-383 3304
-1255 3001
-2662 4550
-212 67
-329 1176
-2710 3423
-3976 4586
-4097 4875
-1432 1201
-1528 2841
-3803 2495
-1636 1984
-2192 4078
-2540 4608
-708 3483
-4780 1025
-106 1442
-4514 3585
-3663 311
-4944 1322
-4367 4361
-648 1137
-4844 1413
-4601 125
-605 2356
-2096 3756
-3827 4500
-4992 3234
-165 2974
-1687 479
-873 4252
-2391 3878
-3092 3316
-2351 1905
-3956 548
-36 4006
-1221 1240
-4366 4872
-3104 3573
-1918 3099
-2646 1899
-4939 3620
-4074 4710
-1869 4084
-3443 1835
-469 926
-2257 2170
-400 4027
-4842 393
-517 248
-4576 1930
-2163 1441
-275 2358
-3736 4314
-775 1969
-1946 36
-1380 4133
-3781 13
-1430 281
-1258 1435
-253 3279
-2168 3928
-4833 535
-3195 4025
-1227 3993
-579 301
-4519 1376
-12 2199
-134 460
-3140 1714
-1736 308
-4968 272
-545 2747
-393 1657
-898 4372
-4348 4319
-3772 3350
-3089 2757
-3591 1603
-3218 4136
-2185 1920
-4358 4795
-4197 4774
-473 3164
-575 1177
-4148 4607
-2761 922
-2144 1305
-102 74
-3586 8
-947 1992
-3287 1269
-2143 4165
-2254 2067
-4865 3801
-4840 1464
-3985 4010
-2409 4396
-3201 2668
-2975 3517
-3596 3115
-1673 3033
-4410 1598
-2512 4865
-3813 1205
-3701 4933
-138 3516
-56 2624
-2769 1608
-1114 4988
-2958 2167
-1272 1162
-2061 787
-4894 3047
-4064 2799
-4383 4245
-982 401
-714 2791
-2826 1853
-1179 1777
-59 2948
-3391 1683
-379 983
-4579 2830
-2749 3247
-1634 3161
-2273 611
-405 3214
-3939 3934
-1491 3690
-210 213
-2371 112
-1291 2010
-2978 2134
-4418 3437
-4050 4153
-2872 4303
-1428 2678
-3133 3870
-1731 1001
-1090 1150
-2447 2902
-4557 2423
-2789 3739
-2960 2923
-372 4251
-4189 3345
-1758 2910
-823 937
-3029 3599
-4031 433
-1700 2064
-2230 4032
-3657 4317
-583 2927
-758 457
-1747 3397
-3139 4918
-879 85
-3229 168
-3598 706
-3525 338
-1984 2897
-3079 1227
-2000 464
-4251 905
-3735 2883
-2996 3354
-4603 2915
-2753 3409
-900 3112
-4432 1224
-3084 3331
-3540 3809
-3734 2661
-1779 492
-4687 2481
-1912 2803
-91 244
-4412 3519
-3436 2680
-1573 4470
-4265 1325
-1118 3055
-4591 2200
-4134 1957
-4058 437
-1658 2819
-198 2056
-3288 4070
-4085 1636
-489 1903
-2414 4104
-435 1953
-2412 1595
-1267 1795
-3554 204
-4919 3600
-4706 4941
-3311 2136
-2929 2289
-4494 4060
-1926 1900
-4096 328
-1775 1509
-1087 2416
-2650 317
-4654 2916
-4156 1410
-2925 1256
-2281 344
-1895 4561
-3423 2061
-4477 4422
-2025 2946
-4018 1719
-4292 477
-1007 2662
-3953 1446
-286 1961
-4003 2155
-1993 883
-1882 2129
-666 619
-2607 4318
-4457 487
-1637 1160
-92 3372
-3968 3962
-1049 3088
-44 3786
-2977 3109
-3257 3212
-4352 3243
-4193 3456
-3680 854
-3460 1517
-886 948
-1057 1494
-1456 4778
-292 3987
-1819 4154
-4062 791
-974 886
-3142 765
-2164 3146
-388 1153
-4598 23
-3518 1414
-1451 2463
-4518 55
-3283 4993
-4403 3197
-2339 1236
-1274 2023
-4102 4530
-3837 4960
-3885 3818
-4243 4531
-2873 4921
-4722 224
-1295 4916
-2294 3793
-3604 2249
-3548 107
-938 86
-2090 3281
-1232 3774
-23 4665
-4987 2761
-1956 4959
-497 580
-2051 228
-4357 850
-4022 3956
-3031 439
-2745 3037
-2920 1357
-3886 4548
-2637 1942
-1293 4741
-4814 748
-1540 4271
-3754 450
-4926 2025
-4759 2253
-782 3902
-1931 2995
-2138 1382
-1848 3988
-1514 1444
-4578 114
-741 2587
-1533 3093
-4688 1709
-4732 4111
-2085 4086
-707 4065
-3949 1200
-2386 521
-3337 2018
-4253 3759
-2159 1206
-4310 4125
-1523 3327
-2119 4498
-2483 2750
-1138 329
-2972 4102
-990 161
-4260 2090
-2219 1744
-3197 2890
-1474 2906
-4154 387
-4541 4536
-3585 1272
-1113 1971
-4076 1348
-661 2011
-194 3523
-367 523
-506 410
-1115 2316
-4178 3925
-4716 2617
-1640 3546
-1936 3704
-1609 889
-4734 866
-4481 1327
-4515 409
-3840 1841
-1076 1915
-3639 2309
-2004 108
-4737 351
-4468 4292
-4245 2243
-1106 1337
-318 2255
-3081 3151
-464 4341
-470 1062
-2644 581
-2158 1987
-4663 4775
-3928 4966
-1257 1653
-2356 1711
-936 552
-3900 2017
-4025 3136
-637 4696
-3390 1912
-185 4850
-3162 506
-1929 670
-1137 2370
-4288 2984
-4765 2021
-3653 1896
-4040 1839
-3380 3119
-1347 323
-1334 1590
-4422 3076
-32 2008
-1530 336
-4651 1053
-1277 4261
-1627 3094
-3717 1609
-3952 1978
-4497 1461
-3506 1175
-1548 1401
-2029 697
-486 1672
-2642 4435
-94 3411
-4971 4535
-3914 1926
-1694 3951
-4564 633
-2199 3485
-2154 4683
-1157 483
-3551 4285
-4529 3512
-4590 3371
-2106 1447
-1647 3889
-3810 2610
-1183 4494
-508 3242
-4229 3534
-2790 1591
-1279 2389
-4946 865
-1777 2742
-2562 1285
-4411 4767
-3771 3742
-2785 1074
-2602 2287
-4960 2164
-2874 147
-4318 3791
-3134 3714
-2733 197
-1343 1872
-3681 877
-649 4571
-512 2031
-2519 1620
-984 2572
-2678 1708
-3635 2579
-4258 3379
-3823 501
-2264 3912
-3309 943
-3733 1996
-3634 3228
-4689 4
-3757 1295
-4195 4047
-4375 942
-3314 3126
-3154 974
-1866 522
-4600 4235
-911 1316
-3561 1626
-3783 3723
-2430 4377
-654 3897
-1601 1864
-3246 3154
-1397 245
-4324 4389
-3557 1644
-4308 564
-1398 2081
-4681 646
-987 4169
-1470 2612
-620 779
-1676 132
-4283 1966
-2966 4805
-574 3089
-4365 1132
-4540 1063
-4565 4320
-3235 3914
-3777 809
-2513 672
-690 1219
-1302 1277
-2343 2987
-1617 1457
-1748 2879
-4290 232
-1785 2339
