305 0.069
943 0.529
883 0.451
602 0.601
727 0.190
838 0.916
209 0.026
996 0.070
4 0.198
414 0.013
595 0.365
534 0.145
952 0.641
574 0.083
663 0.728
761 0.814
688 0.940
690 0.392
435 0.883
711 0.679
638 0.487
823 0.289
204 0.993
628 0.861
414 0.899
248 0.905
380 0.861
23 0.996
644 0.359
987 0.814
341 0.321
453 0.722
4 0.220
158 0.620
820 0.239
782 0.212
198 0.327
831 0.829
319 0.073
84 0.496
264 0.373
179 0.459
926 0.379
799 0.119
285 0.577
792 0.321
217 0.070
768 0.308
822 0.595
742 0.083
64 0.745
411 0.593
489 0.518
507 0.615
942 0.766
175 0.302
680 0.187
145 0.495
168 0.015
424 0.516
422 0.543
581 0.701
997 0.967
479 0.559
717 0.187
575 0.793
784 0.991
997 0.849
109 0.886
382 0.543
915 0.449
335 0.018
633 0.453
56 0.016
4 0.884
821 0.358
828 0.065
695 0.942
772 0.452
12 0.615
632 0.123
738 0.776
421 0.551
711 0.049
914 0.188
608 0.224
867 0.485
397 0.107
642 0.928
125 0.557
470 0.878
546 0.800
941 0.640
107 0.781
67 0.137
672 0.909
549 0.684
891 0.516
851 0.408
671 0.723
600 0.361
864 0.299
641 0.573
401 0.995
672 0.049
616 0.723
213 0.923
834 0.485
580 0.706
451 0.298
248 0.230
182 0.458
150 0.833
453 0.734
421 0.066
324 0.663
638 0.322
562 0.234
702 0.262
722 0.909
10 0.900
850 0.486
55 0.372
308 0.273
273 0.890
342 0.000
756 0.381
528 0.225
473 0.371
856 0.502
325 0.598
770 0.638
690 0.291
23 0.840
89 0.121
232 0.043
659 0.465
503 0.294
676 0.199
790 0.480
318 0.862
567 0.410
459 0.324
265 0.428
317 0.899
343 0.692
183 0.236
283 0.771
848 0.392
989 0.284
822 0.778
546 0.131
466 0.852
237 0.337
778 0.393
690 0.776
735 0.706
259 0.765
499 0.804
304 0.130
415 0.635
971 0.324
963 0.078
810 0.995
183 0.376
322 0.739
927 0.949
70 0.302
476 0.701
22 0.655
124 0.397
970 0.168
971 0.291
97 0.163
883 0.911
361 0.480
563 0.403
982 0.572
778 0.668
194 0.498
634 0.718
320 0.478
843 0.217
178 0.145
143 0.463
231 0.856
868 0.779
710 0.261
250 0.295
549 0.814
207 0.876
283 0.731
973 0.613
147 0.646
753 0.770
26 0.114
746 0.415
669 0.774
857 0.977
398 0.915
438 0.525
157 0.192
646 0.297
548 0.960
883 0.455
262 0.955
413 0.150
450 0.735
128 0.923
120 0.674
354 0.555
981 0.104
512 0.564
518 0.760
209 0.708
866 0.354
602 0.798
265 0.833
824 0.796
23 0.076
142 0.642
665 0.150
732 0.097
749 0.534
127 0.103
68 0.141
384 0.547
437 0.826
288 0.724
893 0.066
242 0.426
856 0.841
341 0.425
698 0.493
826 0.816
704 0.946
601 0.277
574 0.410
391 0.699
805 0.291
335 0.080
868 0.763
480 0.472
640 0.224
21 0.407
449 0.488
680 0.370
157 0.291
543 0.738
180 0.422
483 0.338
826 0.024
101 0.582
260 0.963
384 0.799
615 0.534
949 0.202
597 0.796
745 0.196
356 0.852
945 0.289
534 0.561
162 0.883
113 0.150
886 0.801
419 0.351
164 0.177
531 0.184
193 0.895
459 0.868
367 0.621
52 0.299
99 0.696
735 0.250
514 0.923
939 0.468
650 0.634
502 0.398
913 0.197
660 0.354
695 0.838
628 0.115
83 0.290
658 0.011
26 0.318
36 0.690
850 0.390
618 0.310
456 0.883
350 0.385
781 0.151
914 0.452
169 0.805
67 0.743
994 0.432
260 0.404
244 0.702
538 0.801
943 0.056
568 0.059
886 0.216
856 0.457
762 0.176
765 0.226
665 0.411
77 0.609
