70 0.282
312 0.827
628 0.918
706 0.623
408 0.716
661 0.329
500 0.779
837 0.672
671 0.805
660 0.726
855 0.738
811 0.991
760 0.576
416 0.721
167 0.356
965 0.992
496 0.037
484 0.066
480 0.367
536 0.797
835 0.920
50 0.561
327 0.745
390 0.134
616 0.268
679 0.220
856 0.135
399 0.418
436 0.519
171 0.165
858 0.059
45 0.529
640 0.739
244 0.537
743 0.486
462 0.726
101 0.203
642 0.525
700 0.239
301 0.131
321 0.050
565 0.830
445 0.732
417 0.455
32 0.824
4 0.860
739 0.213
513 0.126
306 0.050
765 0.226
938 0.503
699 0.568
923 0.872
983 0.512
698 0.145
851 0.707
461 0.492
957 0.912
211 0.801
519 0.981
779 0.402
368 0.634
740 0.963
464 0.417
730 0.784
675 0.805
310 0.983
861 0.397
345 0.012
923 0.895
550 0.260
