976 0.654
253 0.138
369 0.034
507 0.575
300 0.095
453 0.840
814 0.866
161 0.548
413 0.718
93 0.911
797 0.524
509 0.981
286 0.486
925 0.749
659 0.396
621 0.281
372 0.244
754 0.976
687 0.658
262 0.222
790 0.881
322 0.281
327 0.247
761 0.042
470 0.420
963 0.665
287 0.375
664 0.187
662 0.324
555 0.369
42 0.734
452 0.802
148 0.955
505 0.679
707 0.210
342 0.673
464 0.822
545 0.087
177 0.449
445 0.777
715 0.187
280 0.039
561 0.411
518 0.811
794 0.481
671 0.254
794 0.204
934 0.077
779 0.347
914 0.077
294 0.435
142 0.288
174 0.165
36 0.087
396 0.763
475 0.708
245 0.239
911 0.141
548 0.517
820 0.380
245 0.918
879 0.969
112 0.767
325 0.549
730 0.181
694 0.784
307 0.488
873 0.690
203 0.384
672 0.366
384 0.202
170 0.427
610 0.568
742 0.580
440 0.848
926 0.387
564 0.523
681 0.096
51 0.946
20 0.387
183 0.910
41 0.720
87 0.812
77 0.291
900 0.558
837 0.070
179 0.969
956 0.076
945 0.435
437 0.445
917 0.241
602 0.496
462 0.604
789 0.046
444 0.867
894 0.774
844 0.057
840 0.258
140 0.705
800 0.165
903 0.379
154 0.450
235 0.890
320 0.286
938 0.022
662 0.851
628 0.473
145 0.206
38 0.764
604 0.593
243 0.117
757 0.694
111 0.651
623 0.533
947 0.582
190 0.382
972 0.890
654 0.417
898 0.434
371 0.230
941 0.774
30 0.551
884 0.067
698 0.183
170 0.586
121 0.632
763 0.751
134 0.551
434 0.426
784 0.554
676 0.452
684 0.011
77 0.516
463 0.811
710 0.821
592 0.975
52 0.683
631 0.395
685 0.233
257 0.112
616 0.251
665 0.545
1000 0.773
455 0.146
541 0.992
708 0.576
155 0.109
993 0.187
302 0.499
906 0.749
86 0.414
638 0.843
360 0.430
984 0.496
684 0.767
810 0.801
512 0.644
79 0.856
628 0.369
335 0.336
926 0.303
127 0.160
685 0.208
206 0.447
331 0.568
495 0.571
13 0.275
31 0.868
36 0.284
147 0.126
64 0.226
456 0.076
730 0.252
704 0.427
518 0.465
367 0.436
915 0.068
654 0.980
190 0.994
273 0.054
116 0.272
905 0.930
464 0.003
175 0.454
980 0.590
360 0.953
683 0.489
401 0.830
316 0.912
478 0.758
22 0.907
767 0.675
797 0.045
836 0.667
391 0.228
188 0.116
997 0.492
988 0.688
909 0.083
509 0.131
277 0.622
609 0.946
354 0.154
107 0.952
826 0.352
966 0.062
484 0.905
681 0.099
933 0.134
125 0.288
724 0.628
78 0.109
816 0.228
110 0.324
891 0.704
908 0.883
987 0.888
627 0.170
744 0.098
192 0.051
108 0.535
507 0.304
666 0.046
18 0.866
808 0.309
453 0.198
860 0.633
428 0.862
232 0.355
752 0.750
50 0.080
76 0.901
659 0.882
682 0.369
694 0.926
344 0.911
780 0.991
21 0.072
773 0.227
821 0.342
217 0.333
560 0.232
477 0.264
535 0.604
322 0.251
223 0.434
695 0.132
68 0.480
734 0.549
342 0.726
869 0.828
459 0.017
770 0.464
339 0.237
469 0.261
883 0.871
704 0.523
510 0.541
792 0.315
735 0.525
152 0.158
896 0.760
338 0.220
478 0.549
344 0.614
783 0.290
1 0.803
178 0.249
591 0.180
155 0.722
559 0.364
405 0.316
861 0.420
124 0.612
454 0.091
518 0.965
729 0.382
581 0.145
287 0.739
999 0.352
656 0.353
252 0.445
805 0.258
992 0.805
166 0.158
396 0.694
664 0.580
25 0.926
967 0.878
7 0.252
911 0.540
502 0.778
464 0.910
151 0.362
811 0.246
603 0.115
735 0.729
913 0.205
84 0.039
232 0.472
923 0.656
198 0.314
853 0.296
56 0.178
73 0.285
767 0.969
960 0.917
68 0.922
973 0.073
232 0.045
640 0.983
467 0.432
779 0.353
699 0.126
130 0.516
210 0.685
430 0.519
697 0.841
450 0.817
26 0.097
944 0.667
866 0.458
662 0.551
97 0.552
25 0.665
607 0.139
77 0.394
559 0.151
413 0.370
846 0.611
25 0.831
682 0.322
995 0.997
496 0.289
878 0.751
843 0.980
936 0.387
923 0.915
483 0.782
680 0.099
974 0.270
646 0.315
433 0.004
585 0.991
636 0.290
126 0.994
187 0.783
952 0.084
83 0.779
399 0.793
185 0.643
467 0.637
947 0.334
317 0.906
177 0.639
923 0.609
815 0.253
483 0.750
366 0.582
983 0.186
539 0.063
581 0.077
120 0.118
239 0.060
991 0.789
79 0.036
8 0.727
821 0.287
567 0.724
177 0.289
269 0.442
201 0.358
214 0.803
34 0.710
827 0.547
330 0.869
698 0.352
906 0.943
809 0.427
801 0.620
327 0.581
499 0.860
792 0.680
708 0.285
439 0.376
565 0.507
324 0.283
500 0.401
231 0.968
636 0.826
806 0.051
708 0.009
843 0.446
795 0.875
315 0.780
774 0.831
444 0.587
392 0.868
944 0.547
533 0.600
389 0.172
289 0.756
494 0.754
768 0.827
851 0.378
575 0.678
309 0.396
317 0.896
662 0.546
480 0.884
504 0.913
448 0.493
803 0.534
670 0.093
13 0.654
65 0.684
64 0.995
876 0.209
775 0.291
737 0.153
564 0.496
664 0.014
392 0.512
30 0.940
818 0.394
880 0.603
85 0.010
829 0.393
448 0.249
825 0.706
37 0.373
11 0.262
11 0.089
569 0.553
827 0.958
157 0.396
301 0.559
240 0.789
373 0.798
740 0.956
402 0.585
956 0.833
454 0.364
959 0.250
820 0.355
350 0.127
313 0.079
933 0.148
423 0.143
575 0.532
427 0.464
543 0.557
264 0.280
687 0.050
548 0.036
773 0.542
417 0.912
67 0.805
692 0.495
751 0.190
884 0.234
529 0.204
823 0.320
405 0.498
164 0.822
307 0.530
463 0.941
816 0.967
785 0.124
934 0.902
533 0.514
49 0.850
836 0.231
488 0.151
84 0.023
710 0.593
167 0.683
208 0.792
984 0.711
741 0.355
328 0.127
872 0.179
928 0.489
119 0.809
526 0.827
161 0.868
22 0.490
378 0.111
364 0.907
531 0.641
150 0.227
995 0.070
105 0.855
931 0.541
130 0.973
112 0.674
995 0.858
12 0.271
796 0.877
751 0.072
426 0.703
57 0.007
304 0.756
258 0.938
280 0.091
15 0.594
591 0.502
640 0.038
196 0.575
367 0.007
326 0.804
351 0.783
259 0.426
413 0.215
695 0.401
426 0.943
253 0.630
477 0.426
138 0.685
867 0.336
642 0.401
926 0.865
302 0.182
277 0.198
408 0.044
790 0.683
220 0.743
770 0.740
878 0.099
642 0.726
599 0.288
121 0.407
965 0.993
17 0.597
130 0.196
422 0.587
44 0.926
789 0.485
111 0.130
48 0.912
359 0.158
82 0.365
240 0.693
95 0.289
657 0.243
826 0.509
660 0.780
902 0.750
520 0.425
973 0.707
995 0.360
494 0.963
402 0.740
963 0.442
499 0.449
583 0.665
249 0.074
878 0.800
211 0.324
650 0.898
846 0.566
814 0.685
64 0.881
741 0.645
92 0.180
196 0.908
512 0.177
2 0.260
137 0.685
528 0.086
217 0.434
647 0.814
26 0.904
526 0.360
429 0.548
508 0.389
191 0.011
353 0.528
716 0.046
348 0.016
410 0.532
87 0.914
594 0.315
207 0.693
499 0.567
253 0.716
75 0.346
381 0.383
314 0.916
611 0.853
647 0.220
59 0.478
460 0.683
177 0.294
854 0.919
761 0.923
867 0.756
780 0.962
800 0.827
730 0.166
12 0.679
426 0.890
366 0.381
878 0.424
209 0.760
914 0.419
875 0.669
552 0.849
112 0.914
823 0.825
730 0.800
790 0.320
462 0.352
558 0.345
21 0.208
732 0.260
950 0.540
3 0.144
538 0.320
82 0.972
229 0.840
499 0.798
413 0.701
911 0.319
170 0.620
318 0.988
564 0.895
286 0.048
377 0.143
769 0.102
281 0.985
413 0.335
403 0.919
95 0.500
167 0.909
588 0.315
21 0.826
843 0.246
460 0.591
837 0.955
242 0.368
823 0.972
467 0.712
658 0.934
172 0.541
174 0.117
237 0.932
361 0.931
66 0.533
608 0.829
363 0.526
105 0.125
370 0.353
146 0.796
348 0.586
124 0.341
537 0.560
834 0.858
205 0.994
516 0.412
35 0.343
525 0.784
612 0.629
8 0.147
850 0.932
517 0.692
798 0.537
473 0.946
415 0.482
82 0.794
554 0.994
566 0.022
592 0.277
995 0.554
681 0.018
704 0.969
993 0.233
181 0.937
364 0.042
502 0.787
228 0.539
398 0.389
367 0.489
413 0.420
763 0.639
951 0.129
613 0.671
500 0.965
844 0.193
383 0.931
660 0.683
139 0.519
992 0.817
80 0.889
330 0.457
491 0.049
376 0.274
177 0.779
852 0.414
595 0.399
510 0.801
862 0.177
183 0.475
760 0.363
855 0.152
169 0.116
323 0.254
797 0.730
431 0.979
865 0.651
488 0.473
639 0.781
250 0.865
990 0.253
144 0.927
316 0.254
11 0.381
733 0.795
247 0.154
146 0.723
275 0.542
861 0.176
905 0.999
173 0.635
967 0.502
200 0.090
72 0.946
769 0.006
706 0.529
740 0.311
100 0.318
605 0.379
257 0.017
611 0.923
566 0.788
804 0.052
680 0.515
672 0.017
949 0.805
390 0.146
201 0.571
868 0.751
972 0.316
661 0.017
218 0.404
737 0.246
95 0.708
922 0.298
851 0.961
715 0.232
850 0.548
80 0.667
445 0.819
118 0.731
915 0.746
631 0.883
836 0.605
178 0.459
84 0.924
405 0.878
228 0.223
134 0.933
780 0.874
293 0.263
62 0.617
44 0.825
72 0.297
480 0.938
286 0.776
487 0.412
994 0.289
769 0.325
480 0.838
756 0.946
231 0.472
507 0.304
872 0.358
296 0.471
539 0.168
934 0.486
483 0.572
310 0.542
442 0.780
240 0.623
941 0.126
213 0.447
477 0.373
78 0.927
774 0.280
897 0.787
544 0.463
360 0.594
859 0.680
904 0.410
719 0.592
387 0.897
20 0.164
107 0.878
943 0.493
725 0.058
804 0.770
463 0.836
575 0.629
664 0.412
246 0.834
529 0.353
426 0.971
291 0.691
984 0.424
7 0.687
406 0.379
304 0.935
696 0.969
241 0.765
76 0.165
929 0.981
675 0.631
903 0.275
830 0.574
235 0.073
942 0.101
196 0.990
303 0.976
375 0.605
648 0.785
606 0.344
36 0.270
705 0.419
312 0.189
940 0.277
755 0.906
438 0.237
138 0.450
877 0.206
189 0.311
780 0.780
247 0.303
581 0.699
807 0.103
819 0.865
673 0.983
469 0.093
994 0.430
891 0.167
330 0.665
74 0.636
412 0.562
540 0.577
339 0.741
162 0.992
714 0.828
10 0.711
918 0.885
684 0.598
212 0.239
634 0.633
635 0.840
224 0.958
65 0.469
799 0.628
648 0.313
321 0.184
468 0.795
567 0.039
765 0.758
35 0.693
299 0.364
732 0.321
285 0.620
216 0.874
749 0.286
582 0.168
705 0.805
321 0.612
558 0.703
871 0.152
428 0.647
242 0.519
976 0.844
212 0.510
972 0.329
459 0.457
547 0.547
14 0.937
495 0.458
872 0.888
640 0.430
51 0.291
943 0.521
985 0.368
351 0.333
475 0.837
960 0.907
57 0.387
338 0.561
250 0.273
994 0.693
693 0.541
228 0.097
871 0.997
44 0.706
198 0.153
831 0.013
491 0.306
798 0.756
572 0.332
448 0.327
643 0.902
995 0.488
839 0.887
188 0.728
581 0.880
513 0.496
249 0.290
286 0.187
394 0.437
29 0.644
836 0.871
6 0.244
19 0.077
239 0.034
302 0.321
807 0.522
891 0.370
952 0.107
122 0.196
567 0.936
345 0.418
724 0.995
600 0.050
594 0.730
768 0.740
466 0.614
24 0.432
459 0.921
867 0.233
567 0.212
237 0.658
433 0.216
761 0.919
236 0.735
418 0.599
96 0.799
832 0.320
44 0.358
647 0.003
846 0.067
400 0.282
970 0.834
166 0.307
404 0.821
793 0.014
752 0.283
385 0.155
424 0.159
774 0.018
791 0.116
551 0.727
102 0.922
364 0.867
303 0.506
722 0.687
895 0.574
666 0.558
769 0.767
830 0.557
766 0.128
533 0.332
293 0.568
506 0.799
367 0.746
168 0.057
329 0.512
634 0.428
600 0.162
613 0.370
578 0.164
