948 0.258
654 0.340
645 0.353
987 0.769
447 0.318
530 0.497
88 0.322
405 0.213
939 0.992
282 0.762
711 0.728
632 0.447
398 0.590
278 0.872
25 0.487
514 0.220
280 0.680
138 0.877
144 0.501
921 0.085
123 0.276
758 0.593
51 0.121
440 0.981
862 0.916
209 0.789
509 0.548
196 0.540
892 0.785
320 0.220
901 0.468
900 0.840
905 0.862
482 0.545
213 0.981
957 0.664
463 0.281
503 0.827
312 0.545
803 0.799
77 0.681
325 0.750
994 0.358
777 0.871
570 0.142
790 0.088
195 0.919
406 0.922
711 0.203
491 0.460
556 0.973
246 0.517
245 0.534
75 0.191
177 0.790
735 0.358
399 0.660
246 0.592
964 0.851
391 0.902
632 0.561
861 0.909
783 0.747
94 0.184
864 0.563
618 0.848
461 0.419
597 0.414
443 0.744
341 0.427
211 0.349
523 0.453
807 0.678
965 0.677
691 0.792
361 0.295
805 0.051
227 0.783
756 0.353
690 0.503
652 0.211
783 0.246
846 0.726
475 0.781
713 0.906
652 0.750
310 0.605
264 0.363
158 0.490
397 0.638
356 0.375
715 0.957
336 0.401
485 0.045
783 0.317
528 0.801
552 0.020
719 0.345
142 0.159
35 0.062
990 0.780
127 0.555
882 0.569
706 0.294
240 0.335
857 0.653
774 0.930
427 0.122
622 0.002
232 0.165
43 0.499
21 0.270
828 0.884
317 0.896
569 0.420
144 0.197
687 0.860
906 0.822
856 0.610
584 0.355
371 0.685
676 0.506
572 0.412
239 0.090
490 0.950
55 0.757
10 0.892
890 0.989
765 0.942
221 0.377
177 0.447
710 0.558
706 0.409
948 0.325
774 0.076
391 0.776
62 0.635
40 0.568
612 0.180
281 0.207
761 0.191
474 0.146
740 0.983
817 0.360
11 0.936
357 0.619
244 0.459
730 0.845
213 0.804
618 0.733
676 0.001
806 0.241
766 0.347
773 0.032
632 0.227
733 0.435
763 0.590
778 0.623
383 0.135
533 0.034
233 0.944
864 0.772
472 0.326
505 0.719
336 0.724
393 0.631
54 0.502
134 0.930
934 0.666
824 0.461
339 0.375
471 0.366
471 0.125
319 0.848
495 0.766
1 0.042
645 0.554
368 0.466
536 0.770
343 0.976
456 0.754
812 0.718
934 0.533
955 0.285
70 0.165
101 0.696
622 0.335
802 0.549
413 0.436
870 0.029
296 0.430
476 0.117
577 0.477
460 0.750
252 0.749
763 0.509
770 0.801
679 0.919
487 0.991
445 0.154
449 0.784
324 0.125
113 0.140
422 0.781
262 0.473
616 0.788
790 0.845
261 0.493
857 0.805
864 0.933
404 0.778
424 0.781
607 0.603
117 0.090
604 0.271
775 0.910
901 0.845
669 0.023
308 0.420
407 0.064
936 0.399
979 0.731
942 0.622
54 0.357
252 0.367
562 0.428
783 0.020
122 0.262
111 0.643
99 0.062
708 0.042
174 0.865
680 0.206
630 0.395
231 0.877
509 0.934
757 0.141
837 0.166
702 0.428
713 0.275
172 0.808
331 0.922
403 0.646
940 0.372
497 0.570
111 0.769
871 0.317
793 0.992
535 0.620
721 0.532
337 0.219
310 0.365
238 0.434
298 0.838
385 0.821
47 0.432
620 0.286
781 0.550
259 0.868
715 0.356
350 0.447
526 0.854
634 0.573
403 0.046
751 0.517
182 0.352
137 0.393
188 0.323
666 0.319
599 0.221
828 0.646
13 0.999
602 0.972
187 0.659
813 0.807
732 0.164
3 0.864
804 0.522
852 0.521
792 0.781
785 0.810
51 0.117
753 0.887
676 0.043
15 0.746
217 0.094
950 0.892
103 0.669
275 0.552
603 0.006
409 0.843
257 0.619
163 0.319
219 0.007
764 0.503
268 0.286
735 0.729
526 0.739
302 0.492
415 0.027
854 0.912
505 0.198
787 0.144
728 0.296
183 0.663
780 0.082
90 0.369
183 0.925
842 0.658
882 0.774
642 0.493
215 0.697
427 0.355
302 0.256
840 0.580
890 0.193
377 0.160
101 0.734
808 0.363
149 0.288
614 0.163
46 0.723
171 0.127
787 0.229
964 0.523
116 0.276
455 0.916
360 0.305
534 0.404
418 0.028
453 0.351
899 0.894
970 0.350
115 0.021
858 0.962
898 0.891
842 0.616
709 0.615
101 0.399
907 0.159
13 0.096
271 0.267
269 0.628
929 0.136
279 0.744
484 0.295
108 0.065
630 0.156
775 0.574
509 0.940
449 0.892
138 0.275
6 0.479
89 0.963
206 0.987
122 0.985
911 0.396
773 0.096
630 0.202
840 0.472
237 0.074
456 0.976
598 0.800
463 0.564
155 0.377
433 0.509
663 0.994
707 0.194
948 0.275
784 0.100
366 0.212
403 0.047
609 0.809
891 0.955
208 0.044
845 0.865
694 0.336
577 0.678
496 0.781
704 0.381
396 0.635
56 0.199
79 0.254
660 0.214
92 0.136
725 0.336
184 0.996
563 0.414
406 0.155
891 0.061
45 0.566
159 0.328
427 0.031
342 0.223
400 0.533
243 0.353
942 0.418
420 0.129
214 0.382
212 0.019
764 0.335
618 0.572
273 0.364
760 0.104
37 0.219
880 0.093
506 0.008
985 0.278
528 0.083
716 0.419
131 0.393
510 0.555
252 0.157
640 0.542
346 0.476
214 0.819
311 0.246
174 0.837
622 0.812
34 0.261
458 0.729
148 0.813
210 0.567
932 0.199
809 0.529
280 0.022
971 0.013
464 0.491
84 0.371
651 0.175
561 0.511
261 0.568
910 0.657
234 0.943
559 0.402
558 0.313
383 0.248
113 0.177
263 0.770
152 0.675
78 0.134
200 0.402
849 0.769
777 0.404
55 0.510
862 0.469
882 0.400
277 0.408
259 0.685
823 0.292
508 0.516
848 0.572
999 0.107
88 0.311
651 0.788
741 0.749
813 0.294
994 0.635
89 0.045
436 0.577
425 0.809
148 0.252
170 0.359
155 0.106
632 0.449
704 0.170
761 0.843
859 0.596
542 0.708
169 0.367
869 0.371
719 0.056
310 0.038
267 0.633
255 0.458
294 0.394
723 0.155
412 0.199
598 0.488
185 0.117
143 0.442
914 0.445
937 0.749
78 0.425
472 0.455
88 0.285
908 0.652
879 0.088
246 0.241
106 0.886
175 0.275
288 0.374
560 0.723
587 0.113
975 0.797
432 0.667
838 0.719
92 0.774
132 0.256
121 0.057
541 0.547
334 0.417
7 0.343
936 0.829
923 0.630
124 0.003
824 0.291
59 0.453
169 0.905
443 0.434
746 0.573
862 0.616
845 0.428
331 0.667
471 0.918
315 0.988
98 0.542
320 0.929
199 0.829
518 0.549
868 0.629
93 0.983
985 0.902
163 0.749
626 0.985
670 0.071
199 0.038
474 0.145
325 0.516
791 0.160
817 0.763
240 0.041
897 0.471
310 0.431
450 0.490
55 0.919
547 0.804
280 0.138
531 0.026
560 0.149
957 0.357
987 0.602
168 0.175
831 0.673
582 0.968
173 0.812
868 0.175
961 0.379
330 0.501
2 0.960
102 0.442
511 0.269
463 0.160
797 0.570
154 0.726
300 0.351
405 0.116
890 0.451
156 0.396
73 0.926
482 0.243
567 0.759
391 0.562
669 0.968
812 0.771
36 0.200
720 0.648
125 0.609
407 0.537
705 0.468
782 0.975
441 0.900
93 0.130
347 0.899
803 0.768
349 0.654
995 0.157
649 0.923
669 0.790
792 0.285
528 0.534
716 0.100
611 0.881
822 0.712
381 0.427
270 0.981
180 0.106
877 0.861
922 0.683
845 0.087
373 0.080
364 0.445
230 0.173
288 0.416
647 0.714
427 0.935
42 0.221
357 0.804
465 0.644
369 0.361
129 0.838
228 0.424
54 0.687
407 0.123
714 0.916
864 0.969
758 0.988
323 0.973
355 0.644
706 0.733
277 0.044
822 0.203
744 0.433
951 0.870
983 0.496
94 0.978
628 0.422
223 0.072
397 0.526
887 0.463
586 0.663
819 0.099
485 0.974
121 0.205
253 0.616
491 0.725
711 0.436
342 0.403
751 0.633
480 0.528
551 0.074
282 0.436
358 0.366
665 0.722
745 0.448
117 0.602
733 0.464
160 0.554
940 0.127
668 0.376
248 0.340
768 0.471
188 0.057
521 0.202
388 0.371
27 0.836
954 0.232
301 0.235
861 0.166
9 0.088
22 0.891
693 0.031
493 0.976
150 0.534
586 0.945
17 0.907
493 0.659
550 0.482
790 0.840
446 0.420
81 0.738
126 0.876
531 0.244
740 0.003
192 0.245
677 0.334
502 0.496
99 0.963
741 0.675
748 0.560
301 0.616
449 0.612
410 0.815
783 0.360
66 0.231
718 0.745
2 0.849
106 0.214
406 0.763
609 0.820
458 0.583
337 0.998
757 0.392
777 0.883
406 0.735
851 0.122
673 0.948
927 0.752
154 0.304
933 0.125
623 0.685
329 0.673
947 0.810
102 0.533
615 0.492
338 0.445
572 0.486
220 0.505
760 0.324
997 0.948
635 0.166
238 0.149
986 0.561
862 0.748
148 0.783
34 0.923
458 0.228
620 0.665
958 0.976
681 0.274
294 0.178
873 0.170
385 0.024
742 0.513
374 0.261
347 0.105
686 0.962
913 0.190
410 0.716
581 0.469
691 0.513
354 0.719
489 0.454
239 0.288
540 0.947
54 0.366
530 0.527
292 0.737
560 0.590
21 0.383
332 0.678
589 0.050
372 0.180
786 0.829
111 0.855
904 0.047
686 0.544
688 0.896
819 0.740
505 0.515
661 0.910
247 0.280
843 0.980
649 0.181
151 0.652
831 0.574
957 0.265
799 0.666
328 0.363
945 0.691
751 0.518
196 0.720
803 0.068
328 0.405
301 0.572
8 0.878
7 0.228
168 0.721
18 0.976
383 0.694
919 0.908
427 0.760
148 0.607
235 0.829
901 0.987
414 0.464
31 0.843
274 0.294
793 0.835
833 0.154
769 0.880
961 0.799
716 0.235
582 0.720
871 0.605
543 0.371
899 0.356
548 0.812
62 0.388
571 0.454
836 0.590
96 0.420
771 0.853
99 0.586
615 0.186
433 0.194
804 0.436
882 0.350
5 0.050
994 0.544
289 0.871
961 0.199
511 0.137
412 0.207
181 0.536
751 0.772
583 0.571
198 0.040
43 0.211
868 0.275
496 0.411
696 0.885
69 0.741
84 0.511
107 0.094
13 0.691
756 0.789
99 0.036
259 0.651
353 0.707
417 0.466
673 0.332
950 0.335
81 0.728
408 0.843
7 0.459
392 0.377
84 0.857
377 0.109
412 0.763
921 0.980
986 0.596
900 0.602
478 0.171
159 0.614
955 0.054
620 0.413
800 0.522
568 0.123
416 0.111
97 0.121
709 0.686
307 0.198
287 0.468
759 0.213
83 0.489
775 0.821
769 0.409
628 0.811
699 0.831
876 0.173
696 0.102
4 0.965
369 0.526
455 0.236
538 0.619
832 0.280
713 0.161
851 0.323
458 0.616
998 0.443
552 0.941
810 0.270
792 0.278
395 0.277
699 0.043
629 0.907
192 0.238
57 0.714
658 0.264
615 0.666
853 0.610
515 0.924
367 0.902
539 0.703
675 0.125
73 0.932
668 0.859
662 0.880
180 0.608
677 0.339
759 0.157
962 0.328
978 0.273
509 0.860
705 0.630
140 0.484
563 0.510
758 0.525
650 0.311
878 0.251
896 0.786
651 0.147
852 0.993
328 0.074
66 0.850
820 0.377
322 0.305
995 0.677
382 0.707
893 0.364
432 0.427
281 0.940
898 0.254
545 0.814
437 0.297
560 0.446
92 0.846
853 0.623
627 0.407
914 0.411
724 0.353
924 0.487
619 0.207
555 0.407
965 0.395
584 0.600
541 0.620
187 0.713
551 0.757
752 0.268
757 0.968
785 0.948
531 0.082
199 0.093
846 0.221
19 0.180
754 0.296
956 0.543
155 0.162
560 0.811
901 0.672
385 0.087
414 0.785
777 0.679
139 0.474
227 0.538
92 0.116
255 0.136
685 0.323
656 0.930
468 0.088
456 0.175
279 0.843
788 0.227
197 0.650
805 0.634
86 0.273
706 0.024
212 0.579
52 0.618
201 0.670
243 0.746
878 0.887
324 0.993
769 0.532
370 0.597
690 0.715
684 0.212
