791 0.166
48 0.033
613 0.806
707 0.031
524 0.804
810 0.529
535 0.457
50 0.844
734 0.036
620 0.285
900 0.359
729 0.187
990 0.943
742 0.269
276 0.506
448 0.291
499 0.226
92 0.235
307 0.643
194 0.042
490 0.685
297 0.243
320 0.936
299 0.198
449 0.877
740 0.554
526 0.495
398 0.891
456 0.456
527 0.120
614 0.984
224 0.969
201 0.660
946 0.764
378 0.955
141 0.567
715 0.475
661 0.767
265 0.280
642 0.671
122 0.270
265 0.587
855 0.710
401 0.464
616 0.437
182 0.266
322 0.068
863 0.223
374 0.039
931 1.000
344 0.648
938 0.746
884 0.739
397 0.031
339 0.254
622 0.798
142 0.572
180 0.689
947 0.632
920 0.034
94 0.778
850 0.346
35 0.415
746 0.543
241 0.853
538 0.720
533 0.832
827 0.657
854 0.132
86 0.820
701 0.289
423 0.922
103 0.605
987 0.674
981 0.655
55 0.022
864 0.489
177 0.883
887 0.754
592 0.819
532 0.986
406 0.933
645 0.811
810 0.388
749 0.570
840 0.718
624 0.208
768 0.377
709 0.634
281 0.809
392 0.871
801 0.972
999 0.479
176 0.352
156 0.722
860 0.563
950 0.918
757 0.646
213 0.898
935 0.689
814 0.635
792 0.364
105 0.980
818 0.919
712 0.388
921 0.002
871 0.460
128 0.856
561 0.319
750 0.760
332 0.855
728 0.971
707 0.159
531 0.936
380 0.182
628 0.724
35 0.081
523 0.131
479 0.663
183 0.165
865 0.272
777 0.003
170 0.675
245 0.168
600 0.390
308 0.960
143 0.131
219 0.405
122 0.442
160 0.889
793 0.346
310 0.988
512 0.908
314 0.460
424 0.583
320 0.843
652 0.066
277 0.673
452 0.075
150 0.228
250 0.783
155 0.758
602 0.520
974 0.514
484 0.082
367 0.391
384 0.248
702 0.324
796 0.922
758 0.343
842 0.212
30 0.425
204 0.531
816 0.282
681 0.415
432 0.014
290 0.897
858 0.435
179 0.066
35 0.570
927 0.423
660 0.866
191 0.636
684 0.917
111 0.217
771 0.917
495 0.751
638 0.646
305 0.068
280 0.935
58 0.710
397 0.492
156 0.443
939 0.216
396 0.936
192 0.745
423 0.837
260 0.815
432 0.489
377 0.831
355 0.531
781 0.798
85 0.753
571 0.123
539 0.590
304 0.565
229 0.400
791 0.396
499 0.691
902 0.687
943 0.710
34 0.109
537 0.089
880 0.614
553 0.897
639 0.428
959 0.909
169 0.187
880 0.720
610 0.059
559 0.244
938 0.293
534 0.238
842 0.715
484 0.059
338 0.515
386 0.245
338 0.574
176 0.313
978 0.907
837 0.183
388 0.713
306 0.967
888 0.500
35 0.493
154 0.453
552 0.505
961 0.683
148 0.131
675 0.515
821 0.224
806 0.002
480 0.960
622 0.388
714 0.110
696 0.776
345 0.490
835 0.584
240 0.190
19 0.534
26 0.432
768 0.085
100 0.813
674 0.095
199 0.384
40 0.761
909 0.215
501 0.223
284 0.026
525 0.334
835 0.044
828 0.937
324 0.458
807 0.125
338 0.138
768 0.816
574 0.425
64 0.900
282 0.318
121 0.263
966 0.007
532 0.791
710 0.015
813 0.488
615 0.121
280 0.200
15 0.675
95 0.692
582 0.275
537 0.031
803 0.947
707 0.243
801 0.046
147 0.168
181 0.573
585 0.375
804 0.697
836 0.939
326 0.105
329 0.006
201 0.085
938 0.868
227 0.964
244 0.532
216 0.914
678 0.694
539 0.553
464 0.406
895 0.335
681 0.142
639 0.396
953 0.636
975 0.731
440 0.938
905 0.595
472 0.798
738 0.837
325 0.259
564 0.539
163 0.444
454 0.914
273 0.158
964 0.979
804 0.646
648 0.810
93 0.879
305 0.142
646 0.218
769 0.080
458 0.118
39 0.431
718 0.201
473 0.557
879 0.623
56 0.960
482 0.445
286 0.854
362 0.983
246 0.678
546 0.933
783 0.241
529 0.169
657 0.169
937 0.661
277 0.228
827 0.231
757 0.920
119 0.813
445 0.756
169 0.538
478 0.488
952 0.856
933 0.002
694 0.149
363 0.656
385 0.556
121 0.313
180 0.813
422 0.215
460 0.086
898 0.132
759 0.076
17 0.194
921 0.767
80 0.566
681 0.457
88 0.302
343 0.182
565 0.959
787 0.704
136 0.369
690 0.210
251 0.436
796 0.354
586 0.993
93 0.762
871 0.970
917 0.350
572 0.976
257 0.359
667 0.681
185 0.905
790 0.412
608 0.088
649 0.325
698 0.296
369 0.686
162 0.119
304 0.704
431 0.843
822 0.451
637 0.857
699 0.275
492 0.475
365 0.075
523 0.066
500 0.950
772 0.132
666 0.049
243 0.110
84 0.193
567 0.343
323 0.382
569 0.441
968 0.600
143 0.927
720 0.199
347 0.194
488 0.863
338 0.543
329 0.646
603 0.693
309 0.332
226 0.705
318 0.021
404 0.828
199 0.716
930 0.126
694 0.379
307 0.032
948 0.824
870 0.388
734 0.980
546 0.245
111 0.996
17 0.736
620 0.752
137 0.220
788 0.348
726 0.386
84 0.213
464 0.314
894 0.030
336 0.950
643 0.225
336 0.895
399 0.023
585 0.120
404 0.397
524 0.112
615 0.844
402 0.222
995 0.835
825 0.635
904 0.428
700 0.803
918 0.425
654 0.769
294 0.978
593 0.666
164 0.564
794 0.176
805 0.741
199 0.166
253 0.915
660 0.968
908 0.205
478 0.928
376 0.427
790 0.720
117 0.122
261 0.421
244 0.932
558 0.785
875 0.327
742 0.332
406 0.789
818 0.740
824 0.254
426 0.112
613 0.136
964 0.656
974 0.187
157 0.712
875 0.253
561 0.899
763 0.603
774 0.419
936 0.748
211 0.662
952 0.736
909 0.756
481 0.515
20 0.276
819 0.203
791 0.814
767 0.796
913 0.762
578 0.565
962 0.282
920 0.241
454 0.395
589 0.254
826 0.242
563 0.159
452 0.411
242 0.597
869 0.100
373 0.824
604 0.481
292 0.480
936 0.174
616 0.425
257 0.615
24 0.751
307 0.084
390 0.471
528 0.126
618 0.570
298 0.698
444 0.867
231 0.224
342 0.316
328 0.242
408 0.363
552 0.798
437 0.117
497 0.880
889 0.688
165 0.352
105 0.315
893 0.746
512 0.081
923 0.560
688 0.969
309 0.090
20 0.929
314 0.122
265 0.090
377 0.477
549 0.689
280 0.973
974 0.024
522 0.152
823 0.251
422 0.394
481 0.312
418 0.448
368 0.556
885 0.912
990 0.578
943 0.456
687 0.988
135 0.569
263 0.830
138 0.637
729 0.444
252 0.561
363 0.420
71 0.031
484 0.517
391 0.392
232 0.953
647 0.540
429 0.993
758 0.217
12 0.172
205 0.741
242 0.081
131 0.328
117 0.085
469 0.562
242 0.121
587 0.662
742 0.621
762 0.257
124 0.618
469 0.805
65 0.900
521 0.771
937 0.724
723 0.384
929 0.575
676 0.798
491 0.848
309 0.049
693 0.406
826 0.972
220 0.187
441 0.513
335 0.391
277 0.238
371 0.398
133 0.481
226 0.760
711 0.160
337 0.574
646 0.811
540 0.712
712 0.236
810 0.482
100 0.976
248 0.168
891 0.987
482 0.879
302 0.517
265 0.191
803 0.226
523 0.857
811 0.534
532 0.525
389 0.723
211 0.196
799 0.776
992 0.196
901 0.666
129 0.119
429 0.997
831 0.269
560 0.408
295 0.224
513 0.284
35 0.956
455 0.785
956 0.255
334 0.133
277 0.294
159 0.974
573 0.528
523 0.088
624 0.157
501 0.951
976 0.148
966 0.739
282 0.809
693 0.027
234 0.057
566 0.453
120 0.998
886 0.678
918 0.953
538 0.682
629 0.760
12 0.594
397 0.231
884 0.384
656 0.413
68 0.454
339 0.203
460 0.788
784 0.229
467 0.343
552 0.125
512 0.481
7 0.898
889 0.441
46 0.400
9 0.460
82 0.258
355 0.794
131 0.185
904 0.462
682 0.009
605 0.605
598 0.577
9 0.290
700 0.197
87 0.892
512 0.335
456 0.571
688 0.938
67 0.437
355 0.289
90 0.310
384 0.032
958 0.832
76 0.820
657 0.987
47 0.544
280 0.311
434 0.699
890 0.944
692 0.634
966 0.380
237 0.427
948 0.487
570 0.984
838 0.599
449 0.797
652 0.938
849 0.880
758 0.243
543 0.724
276 0.780
939 0.656
298 0.318
151 0.588
157 0.571
165 0.766
123 0.562
454 0.386
191 0.261
928 0.245
554 0.164
562 0.744
827 0.994
276 0.278
740 0.513
673 0.485
443 0.870
164 0.385
352 0.908
446 0.576
572 0.172
538 0.305
362 0.233
540 0.355
655 0.452
897 0.498
895 0.335
214 0.097
703 0.204
791 0.726
658 0.280
838 0.825
71 0.405
567 0.040
568 0.906
57 0.330
209 0.713
39 0.578
575 0.811
231 0.429
107 0.127
350 0.411
815 0.766
790 0.761
805 0.029
739 0.251
809 0.989
795 0.242
646 0.453
372 0.938
57 0.840
141 0.037
761 0.090
436 0.056
648 0.623
78 0.641
619 0.556
887 0.465
940 0.326
647 0.251
951 0.470
219 0.022
968 0.566
271 0.386
160 0.805
163 0.604
799 0.627
968 0.696
947 0.020
623 0.234
696 0.018
690 0.149
270 0.449
778 0.480
325 0.936
577 0.088
43 0.948
829 0.348
838 0.071
395 0.216
18 0.997
193 0.633
413 0.425
193 0.543
886 0.631
965 0.706
687 0.142
635 0.674
89 0.310
288 0.420
381 0.352
232 0.749
722 0.872
849 0.385
239 0.765
650 0.411
252 0.205
663 0.736
842 0.397
635 0.913
278 0.191
760 0.245
412 0.859
289 0.085
652 0.885
619 0.057
1 0.507
192 0.849
862 0.586
587 0.231
508 0.633
177 0.134
166 0.762
216 0.774
198 0.208
346 0.486
683 0.734
123 0.726
243 0.367
729 0.976
71 0.862
851 0.689
944 0.484
533 0.711
371 0.338
200 0.077
449 0.190
294 0.405
980 0.828
52 0.388
745 0.367
633 0.035
659 0.258
180 0.046
694 0.861
692 0.699
146 0.302
418 0.249
465 0.047
