791 0.864
556 0.384
233 0.413
512 0.196
342 0.056
743 0.723
780 0.616
695 0.507
23 0.338
909 0.463
173 0.025
329 0.759
763 0.293
343 0.097
476 0.187
608 0.752
446 0.029
673 0.708
706 0.773
636 0.506
285 0.682
351 0.047
491 0.696
24 0.065
797 0.223
657 0.642
433 0.079
531 0.812
409 0.029
162 0.460
686 0.896
97 0.476
866 0.472
407 0.710
243 0.190
402 0.961
345 0.864
534 0.232
736 0.420
601 0.409
96 0.220
773 0.841
914 0.219
761 0.270
455 0.525
188 0.710
15 0.856
332 0.868
162 0.232
808 0.672
721 0.145
84 0.653
85 0.826
929 0.608
569 0.463
297 0.515
431 0.121
269 0.728
817 0.586
35 0.142
260 0.694
884 0.047
268 0.317
978 0.678
763 0.135
450 0.912
964 0.714
780 0.375
17 0.919
362 0.047
936 0.989
436 0.808
841 0.059
949 0.353
392 0.981
394 0.313
453 0.793
729 0.326
799 0.407
719 0.149
594 0.775
140 0.116
86 0.349
741 0.598
758 0.489
479 0.271
648 0.401
331 0.072
432 0.171
862 0.652
824 0.481
949 0.939
757 0.890
116 0.326
119 0.967
913 0.794
193 0.729
549 0.366
972 0.194
682 0.830
285 0.547
272 0.926
264 0.376
567 0.991
587 0.407
618 0.553
600 0.603
294 0.064
476 0.547
128 0.368
298 0.743
519 0.299
934 0.340
989 0.902
306 0.130
882 0.060
707 0.801
533 0.987
902 0.174
471 0.311
65 0.626
186 0.213
337 0.203
255 0.509
360 0.120
532 0.406
422 0.696
148 0.803
665 0.516
614 0.183
918 0.917
322 0.261
824 0.927
858 0.957
366 0.551
572 0.029
857 0.330
909 0.526
578 0.252
598 0.255
691 0.866
103 0.347
25 0.067
216 0.543
701 0.956
969 0.708
254 0.820
510 0.052
790 0.163
194 0.300
421 0.449
454 0.532
158 0.594
15 0.640
25 0.586
667 0.101
101 0.125
620 0.927
408 0.850
571 0.819
728 0.958
276 0.447
846 0.105
977 0.125
339 0.750
287 0.184
68 0.502
45 0.158
842 0.391
28 0.550
930 0.828
864 0.995
288 0.339
191 0.543
961 0.453
639 0.214
707 0.186
420 0.779
593 0.044
682 0.215
6 0.923
715 0.506
897 0.799
341 0.926
913 0.480
904 0.436
99 0.011
129 0.240
261 0.994
753 0.294
56 0.477
187 0.374
968 0.673
201 0.219
831 0.260
238 0.717
65 0.449
489 0.488
892 0.077
980 0.556
850 0.338
874 0.821
56 0.160
741 0.372
859 0.773
428 0.966
908 0.386
780 0.710
65 0.278
129 0.115
735 0.733
44 0.886
299 0.592
735 0.221
764 0.460
722 0.627
680 0.701
150 0.883
132 0.626
746 0.810
373 0.273
5 0.882
251 0.082
900 0.380
99 0.903
958 0.750
772 0.712
822 0.841
50 0.389
167 0.201
684 0.658
31 0.112
114 0.863
289 0.234
568 0.252
765 0.323
477 0.852
70 0.757
583 0.417
654 0.126
262 0.446
913 0.887
996 0.783
222 0.920
157 0.778
481 0.692
440 0.939
270 0.163
782 0.656
795 0.854
47 0.569
241 0.498
329 0.365
441 0.841
125 0.319
391 0.340
762 0.343
923 0.581
401 0.794
497 0.632
895 0.673
925 0.673
548 0.320
25 0.055
440 0.691
973 0.223
825 0.585
473 0.322
957 0.003
702 0.945
485 0.491
859 0.426
315 0.017
177 0.478
465 0.953
90 0.766
901 0.639
527 0.709
439 0.858
916 0.879
378 0.785
356 0.449
802 0.324
230 0.678
514 0.409
276 0.853
35 0.241
884 0.839
206 0.874
223 0.096
534 0.927
8 0.948
135 0.381
494 0.273
990 0.516
571 0.768
148 0.425
844 0.635
263 0.941
696 0.373
508 0.212
820 0.138
729 0.996
588 0.210
760 0.501
482 0.069
94 0.275
277 0.878
41 0.702
870 0.348
116 0.457
563 0.178
709 0.611
44 0.188
93 0.887
860 0.709
346 0.972
509 0.037
854 0.707
637 0.462
76 0.665
525 0.552
299 0.321
500 0.157
40 0.966
339 0.652
475 0.902
470 0.532
293 0.120
424 0.261
679 0.448
182 0.077
254 0.058
304 0.127
652 0.060
580 0.227
199 0.082
735 0.035
856 0.828
120 0.965
681 0.856
206 0.907
222 0.885
772 0.062
828 0.167
188 0.621
215 0.899
124 0.346
152 0.939
640 0.515
675 0.096
135 0.234
55 0.122
58 0.161
921 0.426
875 0.462
467 0.878
39 0.043
175 0.053
108 0.289
988 0.342
667 0.871
13 0.059
994 0.082
339 0.986
841 0.583
895 0.556
25 0.722
22 0.797
918 0.669
731 0.951
25 0.397
954 0.589
678 0.025
156 0.153
556 0.427
714 0.868
730 0.749
587 0.311
738 0.153
198 0.567
471 0.497
597 0.325
824 0.858
349 0.611
736 0.252
272 0.264
430 0.786
723 0.908
160 0.868
745 0.418
488 0.175
558 0.756
686 0.217
690 0.164
379 0.557
901 0.597
759 0.485
208 0.901
824 0.969
458 0.352
522 0.971
184 0.341
763 0.594
55 0.948
368 0.565
208 0.508
803 0.685
304 0.128
106 0.203
954 0.704
26 0.267
150 0.025
345 0.864
656 0.689
933 0.924
281 0.254
607 0.014
903 0.063
378 0.880
518 0.518
477 0.772
800 0.909
908 0.192
651 0.825
201 0.049
106 0.402
711 0.259
297 0.564
490 0.129
864 0.524
312 0.111
320 0.885
937 0.133
336 0.152
713 0.359
934 0.250
367 0.592
499 0.246
928 0.063
994 0.660
636 0.422
385 0.478
625 0.072
993 0.800
847 0.568
542 0.860
745 0.110
8 0.169
543 0.374
140 0.369
350 0.234
85 0.528
734 0.585
313 0.984
42 0.015
536 0.098
633 0.038
650 0.554
619 0.018
654 0.046
347 0.943
105 0.964
112 0.837
335 0.493
865 0.002
248 0.667
275 0.631
214 0.780
169 0.998
890 0.023
293 0.980
881 0.014
458 0.719
831 0.959
806 0.621
478 0.740
970 0.497
116 0.051
20 0.178
679 0.935
120 0.056
556 0.358
444 0.520
385 0.151
783 0.314
84 0.498
525 0.200
47 0.876
425 0.853
712 0.527
912 0.094
801 0.667
796 0.796
943 0.948
526 0.745
804 0.656
120 0.294
34 0.912
883 0.259
550 0.092
703 0.972
27 0.478
972 0.983
548 0.770
817 0.825
534 0.547
708 0.522
267 0.710
577 0.473
762 0.313
970 0.029
414 0.841
490 0.044
692 0.884
3 0.098
570 0.811
421 0.079
215 0.710
281 0.196
432 0.987
272 0.972
217 0.684
652 0.739
42 0.748
131 0.777
469 0.140
677 0.950
739 0.039
433 0.007
719 0.865
1000 0.542
203 0.659
692 0.108
368 0.034
725 0.140
357 0.700
494 0.267
883 0.660
811 0.595
458 0.186
565 0.738
348 0.552
474 0.177
416 0.353
239 0.892
948 0.587
827 0.939
447 0.709
682 0.354
68 0.019
652 0.462
81 0.816
201 0.163
3 0.324
653 0.238
798 0.598
442 0.705
397 0.464
395 0.856
372 0.090
200 0.665
634 0.703
385 0.199
67 0.884
244 0.654
724 0.656
126 0.366
519 0.267
755 0.120
767 0.370
418 0.554
321 0.631
575 0.491
972 0.979
35 0.956
658 0.738
348 0.461
59 0.429
837 0.002
6 0.656
714 0.919
637 0.447
82 0.076
440 0.419
776 0.943
784 0.752
913 0.838
938 0.464
613 0.169
220 0.422
503 0.650
222 0.001
790 0.468
317 0.673
621 0.901
129 0.907
530 0.027
175 0.271
703 0.939
382 0.991
997 0.522
618 0.336
196 0.861
204 0.733
915 0.836
835 0.047
376 0.957
121 0.357
806 0.032
503 0.856
883 0.544
264 0.908
331 0.913
317 0.046
103 0.345
155 0.662
950 0.736
15 0.859
199 0.591
563 0.114
436 0.330
539 0.187
895 0.162
364 0.716
902 0.663
621 0.856
755 0.123
790 0.802
893 0.970
78 0.463
635 0.435
798 0.010
750 0.689
707 0.987
932 0.510
389 0.724
829 0.410
350 0.265
557 0.631
613 0.422
422 0.970
59 0.656
859 0.428
607 0.434
714 0.174
277 0.829
785 0.616
992 0.622
920 0.861
222 0.095
175 0.144
655 0.271
437 0.815
89 0.007
946 0.364
89 0.788
623 0.027
554 0.512
374 0.076
850 0.255
389 0.785
208 0.534
930 0.242
589 0.078
169 0.573
999 0.413
802 0.557
464 0.753
917 0.779
79 0.293
667 0.540
199 0.108
965 0.198
84 0.985
113 0.774
743 0.093
649 0.682
880 0.548
158 0.686
969 0.240
276 0.306
490 0.407
50 0.045
752 0.893
443 0.145
218 0.370
248 0.068
801 0.984
782 0.605
417 0.258
724 0.258
986 0.421
268 0.019
122 0.928
179 0.719
429 0.153
182 0.674
59 0.905
349 0.913
595 0.525
38 0.105
645 0.893
236 0.257
927 0.381
343 0.099
716 0.550
474 0.277
914 0.986
502 0.258
154 0.780
812 0.808
761 0.251
320 0.406
564 0.188
431 0.263
737 0.204
357 0.804
479 0.119
344 0.804
748 0.486
97 0.561
986 0.019
863 0.608
248 0.626
576 0.474
290 0.045
441 0.374
941 0.784
741 0.282
498 0.635
59 0.220
491 0.649
336 0.444
881 0.992
393 0.656
659 0.698
467 0.490
118 0.683
502 0.126
355 0.821
219 0.508
752 0.102
742 0.530
871 0.309
50 0.039
490 0.906
811 0.041
742 0.739
232 0.837
193 0.753
55 0.602
148 0.951
688 0.549
467 0.951
54 0.309
659 0.273
31 0.709
499 0.425
406 0.891
85 0.050
156 0.367
265 0.722
416 0.230
565 0.209
74 0.649
86 0.855
837 0.402
808 0.655
306 0.320
539 0.912
66 0.269
221 0.179
145 0.526
953 0.097
452 0.283
229 0.396
643 0.788
77 0.495
444 0.136
607 0.616
138 0.540
393 0.569
248 0.737
852 0.597
419 0.139
311 0.186
803 0.716
829 0.918
858 0.515
330 0.192
795 0.057
