600 0.906
948 0.425
310 0.986
534 0.562
921 0.618
474 0.675
399 0.017
856 0.963
19 0.731
595 0.557
765 0.381
929 0.732
146 0.675
116 0.870
839 0.060
173 0.207
767 0.830
136 0.855
870 0.607
188 0.698
935 0.395
972 0.472
264 0.286
255 0.333
374 0.531
266 0.463
594 0.887
44 0.740
54 0.199
504 0.488
385 0.670
972 0.438
694 0.576
114 0.620
457 0.094
381 0.356
629 0.595
597 0.918
326 0.455
774 0.764
716 0.797
478 0.851
996 0.980
515 0.278
457 0.139
989 0.038
172 0.944
742 0.580
294 0.860
400 0.771
445 0.355
556 0.478
877 0.471
998 0.008
112 0.866
871 0.262
108 0.360
709 0.666
282 0.319
66 0.069
667 0.122
328 0.098
776 0.729
84 0.235
250 0.510
785 0.312
190 0.207
661 0.620
498 0.031
515 0.001
798 0.802
792 0.487
820 0.577
308 0.521
815 0.952
418 0.214
138 0.828
907 0.167
124 0.652
354 0.576
47 0.727
510 0.483
303 0.156
939 0.125
778 0.964
334 0.773
326 0.812
246 0.643
487 0.264
641 0.941
714 0.470
31 0.590
73 0.384
541 0.589
116 0.691
482 0.007
284 0.545
838 0.293
237 0.883
742 0.780
145 0.377
144 0.283
964 0.806
315 0.116
392 0.683
989 0.664
347 0.565
71 0.552
13 0.389
736 0.397
818 0.404
444 0.527
999 0.096
660 0.144
44 0.608
694 0.476
342 0.277
269 0.096
210 0.726
853 0.598
997 0.821
356 0.946
471 0.840
443 0.960
662 0.205
601 0.738
634 0.084
449 0.869
772 0.363
232 0.078
281 0.162
812 0.064
262 0.911
75 0.275
157 0.760
213 0.557
355 0.750
125 0.870
411 0.360
23 0.230
70 0.940
569 0.314
795 0.701
861 0.877
757 0.159
770 0.543
18 0.868
233 0.500
82 0.173
455 0.071
766 0.933
610 0.218
619 0.533
154 0.055
765 0.033
168 0.686
865 0.642
5 0.100
899 0.417
787 0.032
573 0.420
470 0.178
606 0.220
376 0.406
328 0.376
826 0.679
513 0.601
707 0.425
829 0.973
114 0.824
711 0.557
31 0.563
823 0.288
726 0.722
716 0.521
536 0.926
555 0.764
307 0.707
588 0.338
582 0.270
481 0.528
148 0.030
273 0.777
408 0.566
765 0.096
404 0.712
330 0.070
436 0.830
993 0.132
515 0.102
575 0.907
132 0.007
727 0.381
612 0.190
794 0.825
899 0.307
792 0.646
20 0.585
352 0.874
952 0.041
743 0.436
34 0.117
884 0.815
301 0.030
260 0.144
136 0.457
2 0.054
84 0.588
992 0.865
737 0.517
330 0.667
399 0.307
214 0.566
512 0.833
579 0.369
913 0.444
447 0.680
225 0.591
450 0.135
16 0.253
520 0.842
185 0.082
639 0.961
416 0.810
717 0.167
168 0.188
239 0.804
540 0.860
1000 0.406
64 0.895
236 0.710
198 0.148
326 0.031
484 0.429
924 0.238
330 0.036
908 0.494
143 0.138
971 0.949
329 0.653
845 0.725
463 0.699
624 0.141
717 0.539
60 0.663
649 0.556
323 0.381
226 0.531
368 0.067
633 0.027
908 0.600
754 0.643
563 0.534
903 0.099
164 0.871
861 0.883
247 0.434
509 0.346
199 0.592
936 0.020
778 0.572
137 0.176
796 0.552
788 0.681
312 0.268
158 0.649
547 0.001
558 0.306
734 0.757
268 0.247
40 0.369
658 0.291
150 0.326
2 0.497
399 0.927
80 0.997
655 0.488
198 0.003
102 0.724
901 0.772
873 0.358
610 0.055
812 0.821
504 0.071
90 0.729
608 0.670
206 0.097
573 0.326
836 0.944
381 0.017
13 0.493
988 0.540
495 0.603
963 0.928
576 0.311
571 0.122
929 0.544
384 0.602
814 0.490
969 0.502
311 0.748
910 0.427
306 0.896
846 0.103
884 0.364
482 0.252
124 0.985
72 0.507
166 0.332
81 0.295
378 0.550
68 0.151
502 0.348
540 0.339
149 0.046
938 0.512
998 0.556
555 0.144
221 0.398
234 0.155
418 0.299
567 0.588
466 0.508
193 0.975
284 0.300
517 0.320
643 0.613
519 0.045
7 0.792
66 0.357
325 0.801
671 0.079
353 0.940
897 0.382
275 0.087
638 0.565
363 0.453
541 0.082
951 0.650
649 0.649
579 0.781
268 0.716
475 0.396
612 0.174
646 0.663
467 0.329
756 0.369
583 0.938
102 0.353
38 0.576
231 0.205
275 0.194
351 0.822
990 0.846
510 0.276
859 0.222
374 0.484
155 0.241
936 0.835
718 0.833
894 0.291
361 0.567
95 0.499
879 0.859
444 0.220
312 0.736
170 0.690
55 0.045
995 0.747
205 0.155
808 0.261
719 0.351
581 0.458
506 0.740
709 0.039
263 0.706
677 0.042
564 0.476
734 0.481
36 0.471
383 0.145
406 0.039
193 0.613
438 0.554
638 0.601
972 0.039
530 0.808
436 0.127
874 0.352
857 0.804
964 0.483
246 0.914
158 0.647
102 0.360
567 0.085
99 0.508
600 0.308
612 0.303
290 0.588
72 0.648
934 0.568
958 0.764
470 0.598
104 0.890
873 0.223
520 0.471
644 0.820
756 0.988
388 0.457
129 0.652
514 0.661
565 0.183
148 0.383
917 0.311
286 0.697
715 0.082
487 0.544
89 0.000
131 0.929
857 0.884
463 0.492
349 0.323
53 0.433
541 0.792
193 0.485
396 1.000
409 0.453
662 0.860
867 0.607
962 0.998
435 0.948
739 0.472
283 0.637
162 0.780
721 0.696
68 0.541
487 0.579
271 0.825
37 0.116
732 0.294
654 0.717
11 0.885
497 0.949
368 0.799
849 0.587
157 0.203
727 0.948
927 0.415
651 0.255
922 0.957
874 0.149
618 0.443
629 0.989
984 0.074
114 0.567
60 0.180
347 0.824
132 0.802
441 0.314
626 0.171
448 0.128
818 0.867
404 0.302
418 0.325
663 0.802
472 0.621
746 0.439
135 0.436
226 0.231
515 0.799
28 0.278
274 0.719
671 0.031
684 0.143
545 0.937
741 0.121
655 0.314
545 0.516
402 0.833
656 0.539
375 0.982
259 0.708
964 0.877
749 0.753
121 0.876
682 0.330
508 0.958
831 0.828
606 0.048
75 0.151
527 0.050
343 0.192
878 0.680
62 0.260
587 0.811
947 0.713
781 0.355
770 0.497
726 0.131
394 0.711
479 0.043
598 0.649
792 0.119
943 0.399
543 0.031
91 0.243
893 0.672
221 0.138
790 0.384
152 0.232
971 0.923
980 0.074
597 0.508
505 0.414
563 0.888
229 0.909
204 0.379
596 0.695
528 0.452
718 0.199
83 0.021
434 0.153
517 0.507
630 0.147
977 0.034
552 0.917
817 0.327
159 0.114
445 0.459
794 0.538
723 0.420
178 0.416
661 0.196
576 0.375
23 0.653
868 0.835
494 0.221
618 0.927
56 0.974
643 0.348
638 0.539
304 0.217
511 0.664
291 0.815
156 0.716
556 0.175
415 0.769
961 0.202
825 0.768
594 0.556
80 0.023
426 0.458
895 0.023
767 0.175
431 0.351
733 0.946
967 0.576
316 0.250
849 0.697
483 0.903
195 0.515
557 0.082
890 0.830
152 0.945
887 0.946
347 0.543
584 0.541
625 0.850
931 0.028
716 0.782
596 0.470
974 0.724
369 0.650
481 0.388
668 0.371
2 0.125
338 0.150
865 0.963
537 0.716
683 0.300
173 0.561
108 0.883
920 0.953
548 0.274
983 0.434
278 0.908
524 0.216
399 0.359
230 0.268
969 0.633
680 0.687
279 0.691
729 0.055
834 0.184
777 0.812
509 0.565
777 0.309
235 0.765
778 0.861
121 0.466
461 0.073
