716 0.716
403 0.406
723 0.343
206 0.582
707 0.391
787 0.772
626 0.657
375 0.173
740 0.561
294 0.326
451 0.313
830 0.712
660 0.307
482 0.666
17 0.860
632 0.471
234 0.084
237 0.642
143 0.753
749 0.386
251 0.360
779 0.343
864 0.445
43 0.581
57 0.360
69 0.491
18 0.999
698 0.901
880 0.729
446 0.425
440 0.205
889 0.032
113 0.916
108 0.619
970 0.577
366 0.556
722 0.604
904 0.217
330 0.818
533 0.134
484 0.274
774 0.711
111 0.178
131 0.887
552 0.406
74 0.422
581 0.827
841 0.758
303 0.930
298 0.528
571 0.698
848 0.742
36 0.029
581 0.576
706 0.219
336 0.252
664 0.344
920 0.361
940 0.587
230 0.211
185 0.232
245 0.007
132 0.327
92 0.789
120 0.127
442 0.622
12 0.770
354 0.094
607 0.438
500 0.584
45 0.904
862 0.023
452 0.701
883 0.548
463 0.256
47 0.661
598 0.979
712 0.913
46 0.098
503 0.900
788 0.349
784 0.603
589 0.882
578 0.800
764 0.183
206 0.816
392 0.490
328 0.612
359 0.337
438 0.110
215 0.313
689 0.216
191 0.891
429 0.642
445 0.026
277 0.324
708 0.912
152 0.259
175 0.021
810 0.382
313 0.170
296 0.773
810 0.572
371 0.609
823 0.736
973 0.428
541 0.980
390 0.637
155 0.171
445 0.681
36 0.651
881 0.803
390 0.740
6 0.698
713 0.938
934 0.044
647 0.077
902 0.392
95 0.586
161 0.979
895 0.319
999 0.367
224 0.927
69 0.761
702 0.000
397 0.219
83 0.618
971 0.257
224 0.851
753 0.886
218 0.678
392 0.415
72 0.450
236 0.461
186 0.732
372 0.956
499 0.707
915 0.292
380 0.163
295 0.670
782 0.514
843 0.558
183 0.649
9 0.314
29 0.276
587 0.406
817 0.741
209 0.563
426 0.264
732 0.971
98 0.016
479 0.638
93 0.744
829 0.918
930 0.847
449 0.604
847 0.468
320 0.185
955 0.630
327 0.605
559 0.020
579 0.073
646 0.608
935 0.890
613 0.257
555 0.433
205 0.631
967 0.091
925 0.911
967 0.594
350 0.558
505 0.763
695 0.023
523 0.064
667 0.353
474 0.102
804 0.240
393 0.860
577 0.384
385 0.086
954 0.739
797 0.150
128 0.416
814 0.591
965 0.626
24 0.679
71 0.797
808 0.407
743 0.264
206 0.509
865 0.488
698 0.993
34 0.049
891 0.093
831 0.025
298 0.031
50 0.530
593 0.186
468 0.828
188 0.430
39 0.298
751 0.316
209 0.674
956 0.854
126 0.769
279 0.698
515 0.833
884 0.619
363 0.033
427 0.281
139 0.494
610 0.623
767 0.726
354 0.012
353 0.286
652 0.063
823 0.894
475 0.259
599 0.159
570 0.722
865 0.893
20 0.771
207 0.302
878 0.577
636 0.982
256 0.936
919 0.250
250 0.992
620 0.913
826 0.084
255 0.628
442 0.640
413 0.693
353 0.968
772 0.213
319 0.187
267 0.611
791 0.719
852 0.929
850 0.162
96 0.011
691 0.863
420 0.896
181 0.956
357 0.583
335 0.659
551 0.054
379 0.365
582 0.866
614 0.570
78 0.807
475 0.953
445 0.923
774 0.480
21 0.750
741 0.751
709 0.012
478 0.507
511 0.558
142 0.076
812 0.692
722 0.063
672 0.167
333 0.543
869 0.229
316 0.787
285 0.392
228 0.823
300 0.551
875 0.120
978 0.689
676 0.545
682 0.036
531 0.665
447 0.615
658 0.406
342 0.190
288 0.366
459 0.193
269 0.633
900 0.920
305 0.276
211 0.422
105 0.683
190 0.965
580 0.226
740 0.301
784 0.277
476 0.822
273 0.083
103 0.523
796 0.114
537 0.837
103 0.101
838 0.341
325 0.313
770 0.243
768 0.862
752 0.608
289 0.640
40 0.603
699 0.645
654 0.378
711 0.868
320 0.056
728 0.985
143 0.224
614 0.443
414 0.087
218 0.363
181 0.989
78 0.878
573 0.448
516 0.236
847 0.033
460 0.224
10 0.914
263 0.915
152 0.469
463 0.739
502 0.296
371 0.619
25 0.158
384 0.279
820 0.480
749 0.885
225 0.780
891 0.900
810 0.902
590 0.065
580 0.623
44 0.435
340 0.207
350 0.223
702 0.977
397 0.913
410 0.078
577 0.797
963 0.936
711 0.587
575 0.216
622 0.762
535 0.720
325 0.693
451 0.335
303 0.351
414 0.485
343 0.405
559 0.982
311 0.830
901 0.090
520 0.570
857 0.993
213 0.753
752 0.583
854 0.111
825 0.040
399 0.429
939 0.856
221 0.375
332 0.467
300 0.216
993 0.241
127 0.566
951 0.191
408 0.923
514 0.806
549 0.964
205 0.845
231 0.641
761 0.658
124 0.796
443 0.212
978 0.822
723 0.617
675 0.791
882 0.426
881 0.922
359 0.506
455 0.689
172 0.056
501 0.805
62 0.271
296 0.344
337 0.814
158 0.415
23 0.732
256 0.287
201 0.422
125 0.990
666 0.764
219 0.868
638 0.952
697 0.601
691 0.631
379 0.081
925 0.159
603 0.171
708 0.896
418 0.933
878 0.305
155 0.285
891 0.615
771 0.730
608 0.930
402 0.039
928 0.554
138 0.889
980 0.894
350 0.566
662 0.359
129 0.619
672 0.494
745 0.233
647 0.193
64 0.059
850 0.448
316 0.599
937 0.623
591 0.951
842 0.400
706 0.121
360 0.381
998 0.368
823 0.330
900 0.648
749 0.460
544 0.961
32 0.551
720 0.642
922 0.351
410 0.003
659 0.552
922 0.584
327 0.527
576 0.349
103 0.534
572 0.382
438 0.863
791 0.980
733 0.652
107 0.951
871 0.513
209 0.312
167 0.010
709 0.629
619 0.480
508 0.036
237 0.469
985 0.558
550 0.934
696 0.247
187 0.741
932 0.859
296 0.822
663 0.582
84 0.255
263 0.993
145 0.923
437 0.946
191 0.096
215 0.309
739 0.206
526 0.556
358 0.247
498 0.723
885 0.546
455 0.211
97 0.851
720 0.026
796 0.804
402 0.982
506 0.327
836 0.998
885 0.011
406 0.750
190 0.226
876 0.856
865 0.710
960 0.836
602 0.752
353 0.686
717 0.736
850 0.538
96 0.520
33 0.751
467 0.442
464 0.749
227 0.731
984 0.299
692 0.138
104 0.077
616 0.017
974 0.103
994 0.162
1 0.195
114 0.104
382 0.671
606 0.691
798 0.350
23 0.191
548 0.021
921 0.558
26 0.455
800 0.369
277 0.515
173 0.035
474 0.204
360 0.016
438 0.102
778 0.692
841 0.785
719 0.081
404 0.223
902 0.042
688 0.114
843 0.338
186 0.227
83 0.355
129 0.646
2 0.592
179 0.807
910 0.812
769 0.247
648 0.391
418 0.177
995 0.326
325 0.116
243 0.870
748 0.282
165 0.446
711 0.832
119 0.420
912 0.205
589 0.584
869 0.615
213 0.104
478 0.584
159 0.263
758 0.343
701 0.055
704 0.610
592 0.770
241 0.535
232 0.544
25 0.571
191 0.943
466 0.104
758 0.675
375 0.645
458 0.511
746 0.444
294 0.019
21 0.552
946 0.187
715 0.021
163 0.569
454 0.443
173 0.003
249 0.740
459 0.823
713 0.122
534 0.310
659 0.825
867 0.663
618 0.679
135 0.755
857 0.633
78 0.180
230 0.320
285 0.696
832 0.851
115 0.736
638 0.907
470 0.771
507 0.033
541 0.224
434 0.335
876 0.916
378 0.863
288 0.111
786 0.543
445 0.859
644 0.510
320 0.756
729 0.203
71 0.540
412 0.107
587 0.725
622 0.551
821 0.812
949 0.856
379 0.612
412 0.709
946 0.953
864 0.850
53 0.126
278 0.813
235 0.286
632 0.104
204 0.747
163 0.114
978 0.327
910 0.010
109 0.337
957 0.548
66 0.804
314 0.469
772 0.067
726 0.387
340 0.032
719 0.805
808 0.278
242 0.877
464 0.359
38 0.359
554 0.334
919 0.127
103 0.365
858 0.330
376 0.447
327 0.137
294 0.065
970 0.943
216 0.494
972 0.590
995 0.332
844 0.055
541 0.431
320 0.894
313 0.613
880 0.508
219 0.692
123 0.886
915 0.191
942 0.815
112 0.382
830 0.036
41 0.622
841 0.296
569 0.830
904 0.177
191 0.284
428 0.869
897 0.276
809 0.398
63 0.330
228 0.951
427 0.304
493 0.061
586 0.410
525 0.470
724 0.973
167 0.994
345 0.917
616 0.336
54 0.932
56 0.992
238 0.411
346 0.116
160 0.446
722 0.031
664 0.107
419 0.924
431 0.264
708 0.840
857 0.145
809 0.735
699 0.301
366 0.598
835 0.863
967 0.404
369 0.526
45 0.384
180 0.367
535 0.913
397 0.096
947 0.411
930 0.894
969 0.744
1000 0.606
513 0.821
110 0.785
676 0.879
989 0.225
871 0.098
717 0.609
446 0.038
25 0.645
688 0.094
613 0.235
184 0.327
728 0.190
50 0.539
70 0.754
456 0.317
896 0.751
108 0.522
492 0.926
450 0.554
191 0.901
325 0.219
602 0.812
398 0.513
559 0.140
757 0.715
16 0.940
745 0.796
26 0.625
741 0.767
931 0.231
377 0.182
466 0.062
161 0.230
150 0.831
544 0.154
7 0.796
