228 0.919
513 0.767
545 0.528
649 0.136
453 0.876
643 0.313
27 0.087
456 0.265
364 0.593
423 0.665
690 0.748
761 0.130
302 0.709
513 0.754
966 0.573
417 0.736
863 0.029
854 0.435
792 0.995
288 0.971
690 0.580
309 0.281
775 0.953
544 0.069
651 0.589
574 0.461
734 0.862
940 0.844
779 0.664
677 0.745
426 0.227
113 0.009
696 0.687
916 0.865
576 0.887
953 0.027
913 0.825
299 0.623
299 0.093
869 0.894
320 0.863
810 0.053
221 0.015
566 0.724
846 0.394
343 0.099
562 0.892
181 0.598
796 0.856
553 0.654
479 0.916
955 0.914
212 0.102
699 0.363
380 0.356
467 0.508
41 0.783
117 0.618
928 0.567
89 0.006
110 0.247
790 0.701
106 0.062
769 0.064
933 0.959
774 0.704
205 0.738
713 0.869
971 0.899
213 0.256
854 0.512
826 0.823
889 0.360
40 0.322
656 0.238
391 0.842
441 0.700
124 0.641
670 0.873
207 0.996
667 0.152
77 0.257
972 0.782
963 0.066
531 0.980
203 0.960
472 0.469
277 0.816
321 0.093
207 0.872
902 0.662
268 0.057
946 0.140
17 0.058
256 0.160
524 0.278
200 0.254
140 0.553
979 0.501
910 0.762
843 0.373
625 0.869
154 0.535
575 0.447
31 0.197
595 0.344
245 0.527
589 0.094
129 0.501
918 0.852
328 0.003
993 0.952
749 0.734
235 0.818
15 0.953
989 0.610
413 0.679
729 0.847
849 0.998
587 0.793
891 0.680
272 0.083
711 0.095
936 0.503
349 0.522
582 0.762
775 0.737
409 0.100
220 0.307
963 0.044
504 0.775
839 0.442
530 0.438
744 0.818
820 0.958
151 0.246
656 0.347
745 0.753
683 0.268
780 0.510
153 0.337
664 0.710
49 0.291
610 0.043
614 0.292
106 0.259
401 0.852
621 0.564
75 0.680
455 0.677
541 0.730
168 0.741
33 0.856
870 0.967
94 0.955
567 0.915
897 0.278
842 0.413
335 0.663
697 0.637
15 0.881
609 0.200
714 0.545
948 0.297
478 0.984
937 0.295
815 0.459
702 0.588
877 0.807
696 0.254
411 0.108
406 0.001
371 0.744
259 0.795
570 0.124
823 0.401
947 0.199
542 0.567
373 0.681
76 0.608
281 0.345
816 0.878
390 0.916
926 0.536
83 0.937
783 0.139
928 0.283
233 0.429
958 0.312
267 0.051
847 0.661
254 0.650
696 0.164
810 0.363
518 0.475
759 0.494
976 0.341
286 0.734
618 0.665
842 0.519
25 0.600
926 0.840
791 0.298
775 0.412
759 0.967
664 0.691
930 0.653
254 0.027
207 0.695
505 0.854
855 0.637
769 0.616
756 0.661
392 0.475
874 0.091
484 0.460
518 0.595
204 0.244
869 0.652
713 0.249
28 0.178
926 0.942
860 0.843
37 0.271
318 0.637
218 0.652
171 0.583
370 0.434
636 0.002
