536 0.983
856 0.182
460 0.973
779 0.668
840 0.565
98 0.883
583 0.143
945 0.496
554 0.003
814 0.756
446 0.307
840 0.302
24 0.315
791 0.127
570 0.750
811 0.904
619 0.381
77 0.046
427 0.000
702 0.548
634 0.213
43 0.913
220 0.478
979 0.447
905 0.268
977 0.261
738 0.875
440 0.116
54 0.052
688 0.514
465 0.681
867 0.792
427 0.038
321 0.454
588 0.751
109 0.949
921 0.094
15 0.597
738 0.349
758 0.705
526 0.960
993 0.673
774 0.016
644 0.043
290 0.858
84 0.348
104 0.412
152 0.251
769 0.659
909 0.369
577 0.582
577 0.074
156 0.633
526 0.943
310 0.925
877 0.478
191 0.476
698 0.577
492 0.815
623 0.191
964 0.798
695 0.454
848 0.714
46 0.252
675 0.337
953 0.853
138 0.844
414 0.592
973 0.191
987 0.547
619 0.551
515 0.525
339 0.068
228 0.382
329 0.665
509 0.609
380 0.694
449 0.004
621 0.808
890 0.518
810 0.316
64 0.373
698 0.198
478 0.426
126 0.068
933 0.734
2 0.301
612 0.450
698 0.947
708 0.204
850 0.532
129 0.862
602 0.784
236 0.919
974 0.531
954 0.615
523 0.495
377 0.086
756 0.355
46 0.386
537 0.813
762 0.365
336 0.420
397 0.738
777 0.907
881 0.841
558 0.436
84 0.727
418 0.081
33 0.779
232 0.367
91 0.736
493 0.305
54 0.507
672 0.474
432 0.464
679 0.439
86 0.366
241 0.337
713 0.100
883 0.835
767 0.881
189 0.560
204 0.254
330 0.116
835 0.814
808 0.352
966 0.793
580 0.363
205 0.609
350 0.270
646 0.901
453 0.092
112 0.672
28 0.484
231 0.052
351 0.272
979 0.320
215 0.775
330 0.330
736 0.797
485 0.424
793 0.656
742 0.366
844 0.506
739 0.213
691 0.288
552 0.421
828 0.214
644 0.114
443 0.469
320 0.855
440 0.277
673 0.788
474 0.435
769 0.171
914 0.206
577 0.321
913 0.323
823 0.795
256 0.952
30 0.762
171 0.112
89 0.641
970 0.908
597 0.900
772 0.044
426 0.869
103 0.620
235 0.377
26 0.178
780 0.871
92 0.731
276 0.882
331 0.397
417 0.055
419 0.549
133 0.066
386 0.510
459 0.042
513 0.949
711 0.605
440 0.485
668 0.937
486 0.277
809 0.591
856 0.783
786 0.906
548 0.456
781 0.309
260 0.727
641 0.216
304 0.575
924 0.953
985 0.549
533 0.798
765 0.047
905 0.276
496 0.599
641 0.666
829 0.791
192 0.820
846 0.884
994 0.700
895 0.050
694 0.815
499 0.366
864 0.851
549 0.937
820 0.138
474 0.580
419 0.349
535 0.682
948 0.933
591 0.702
717 0.191
743 0.190
45 0.642
466 0.546
241 0.525
78 0.007
848 0.247
409 0.578
255 0.767
369 0.824
856 0.260
609 0.945
913 0.805
999 0.647
363 0.487
617 0.667
111 0.205
57 0.282
901 0.022
117 0.122
696 0.131
712 0.226
907 0.320
129 0.775
25 0.093
94 0.703
125 0.712
472 0.967
442 0.128
550 0.320
734 0.711
599 0.258
325 0.977
6 0.340
977 0.866
558 0.375
114 0.305
312 0.622
596 0.957
612 0.855
231 0.456
564 0.310
159 0.609
23 0.650
862 0.061
68 0.188
816 0.120
75 0.890
588 0.198
78 0.285
36 0.201
388 0.697
580 0.413
786 0.154
917 0.863
50 0.175
709 0.133
850 0.866
800 0.716
576 0.353
850 0.994
382 0.216
744 0.218
293 0.370
62 0.776
138 0.748
868 0.700
379 0.056
205 0.451
493 0.003
511 0.969
380 0.660
870 0.542
170 0.664
748 0.621
285 0.458
744 0.713
317 0.492
559 0.083
250 0.366
50 0.707
99 0.253
819 0.950
692 0.233
385 0.252
568 0.583
881 0.124
689 0.851
671 0.447
65 0.066
569 0.204
216 0.945
817 0.230
109 0.256
453 0.747
883 0.879
190 0.832
37 0.134
811 0.540
556 0.257
584 0.028
294 0.213
835 0.964
388 0.497
251 0.486
316 0.333
59 0.388
489 0.736
215 0.023
134 0.363
248 0.930
195 0.414
694 0.836
366 0.296
290 0.315
424 0.074
661 0.983
278 0.569
529 0.420
637 0.292
437 0.218
595 0.252
993 0.794
193 0.423
625 0.220
648 0.069
281 0.832
816 0.973
421 0.249
74 0.914
784 0.149
231 0.657
273 0.350
845 0.904
931 0.498
667 0.104
313 0.567
423 0.471
204 0.481
295 0.989
849 0.026
935 0.655
875 0.691
383 0.040
835 0.181
622 0.774
266 0.584
398 0.326
78 0.350
618 0.288
8 0.543
711 0.251
206 0.128
271 0.003
187 0.751
243 0.663
197 0.377
783 0.666
115 0.821
873 0.414
398 0.544
170 0.582
392 0.609
357 0.852
540 0.514
80 0.500
882 0.684
633 0.398
805 0.154
971 0.349
398 0.078
250 0.530
876 0.040
929 0.785
389 0.089
572 0.072
625 0.563
933 0.584
725 0.019
824 0.582
798 0.127
604 0.002
924 0.205
626 0.252
265 0.718
97 0.129
842 0.215
18 0.003
108 0.164
630 0.743
317 0.524
487 0.963
887 0.892
223 0.603
558 0.810
19 0.046
788 0.814
889 0.178
636 0.332
877 0.067
587 0.855
391 0.174
864 0.112
624 0.655
769 0.338
891 0.316
252 0.763
41 0.665
905 0.960
529 0.532
848 0.507
906 0.069
296 0.942
997 0.596
776 0.056
317 0.922
980 0.519
120 0.987
14 0.459
383 0.188
461 0.144
161 0.142
791 0.077
771 0.743
28 0.591
944 0.265
328 0.811
867 0.667
322 0.348
956 0.061
299 0.951
710 0.809
539 0.866
196 0.916
711 0.747
6 0.296
172 0.727
334 0.461
303 0.160
126 0.256
267 0.690
861 0.157
23 0.205
299 0.155
342 0.974
674 0.757
547 0.527
938 0.726
140 0.396
912 0.849
138 0.693
452 0.823
164 0.815
606 0.611
835 0.252
882 0.737
705 0.247
163 0.428
686 0.084
642 0.039
701 0.328
680 0.831
907 0.746
477 0.763
860 0.254
406 0.661
80 0.027
778 0.163
509 0.659
320 0.739
275 0.421
812 0.339
263 0.219
223 0.765
242 0.298
268 0.404
349 0.980
968 0.001
428 0.593
122 0.868
555 0.043
633 0.820
579 0.417
586 0.189
277 0.266
70 0.281
161 0.700
45 0.945
419 0.998
476 0.867
305 0.406
736 0.488
194 0.557
165 0.940
650 0.865
580 0.125
574 0.393
875 0.123
956 0.977
790 0.568
233 0.830
398 0.280
324 0.097
482 0.182
432 0.213
633 0.534
983 0.541
303 0.736
569 0.627
89 0.815
536 0.886
351 0.644
779 0.783
84 0.125
942 0.296
167 0.700
502 0.217
115 0.895
346 0.787
953 0.125
938 0.622
689 0.114
